1   1   70
2   1   48
3   1   41
4   1   70
5   1   68
6   1   82
7   1   38
8   1   47
9   1   35
10  1   66
11  1   53
12  1   78
1   2   91
2   2   43
3   2   68
4   2   90
5   2   66
6   2   55
7   2   66
8   2   46
9   2   25
10  2   38
11  2   50
12  2   58
1   3   60
2   3   68
3   3   39
4   3   65
5   3   59
6   3   69
7   3   72
8   3   62
9   3   94
10  3   36
11  3   33
12  3   39
1   4   48
2   4   80
3   4   68
4   4   66
5   4   59
6   4   63
7   4   93
8   4   63
9   4   30
10  4   52
11  4   60
12  4   14
