 0.0000000000000000e+00 2.8063703262914403e+00
 6.1329999999999996e-01 8.8079629515739899e-01
 9.9431669122021973e-03 2.6617415412098508e+00
 6.1329999999999996e-01 8.8086006057322752e-01
 1.9886333824404395e-02 2.5171127561282618e+00
 6.1329999999999996e-01 8.8092382598905594e-01
 2.9829500736606590e-02 2.3724839710466719e+00
 6.1329999999999996e-01 8.8098759140488447e-01
 3.9772667648808789e-02 2.2278551859650824e+00
 6.1329999999999996e-01 8.8105135682071289e-01
 4.9715834561010995e-02 2.0832264008834924e+00
 6.1329999999999996e-01 8.8111512223654143e-01
 5.9659001473213180e-02 1.9904879963232676e+00
 6.1329999999999996e-01 8.8120897416258070e-01
 6.9602168385415386e-02 1.9396210645698990e+00
 6.1329999999999996e-01 8.8130564751294471e-01
 7.9545335297617578e-02 1.8887541328165307e+00
 6.1313480197900805e-01 8.8140232086330872e-01
 8.9488502209819770e-02 1.8378872010631619e+00
 6.1277342236920251e-01 8.8149899421367262e-01
 9.9431669122021990e-02 2.8063703262914403e+00
 6.1241204275939698e-01 8.8079629515739899e-01
 1.0937483603422420e-01 2.6617415412098508e+00
 6.1205066314959145e-01 8.8086006057322752e-01
 1.1931800294642636e-01 2.5171127561282618e+00
 6.1168928353978602e-01 8.8092382598905594e-01
 1.2926116985862857e-01 2.3724839710466719e+00
 6.1132790392998060e-01 8.8098759140488447e-01
 1.3920433677083077e-01 2.2278551859650824e+00
 6.1096652432017506e-01 8.8105135682071289e-01
 1.4914750368303298e-01 2.0832264008834924e+00
 6.1060514471036964e-01 8.8111512223654143e-01
 1.5909067059523516e-01 1.9904879963232676e+00
 6.1007325493954456e-01 8.8120897416258070e-01
 1.6903383750743739e-01 1.9396210645698990e+00
 6.0952537522796080e-01 8.8130564751294471e-01
 1.7897700441963954e-01 1.8887541328165307e+00
 6.0897749551637692e-01 8.8140232086330872e-01
 1.8892017133184175e-01 1.8378872010631619e+00
 6.0842961580479327e-01 8.8149899421367262e-01
 1.9886333824404398e-01 1.7870202693097934e+00
 6.0788173609320939e-01 8.8159566756403662e-01
 2.0880650515624616e-01 1.7361533375564249e+00
 6.0733385638162574e-01 8.8169234091440063e-01
 2.1874967206844839e-01 1.6852864058030561e+00
 6.0678597667004197e-01 8.8178901426476464e-01
 2.2869283898065054e-01 1.6344194740496878e+00
 6.0618293041480131e-01 8.8189542174926527e-01
 2.3863600589285272e-01 1.5835525422963195e+00
 6.0548651182718671e-01 8.8201830477759613e-01
 2.4857917280505493e-01 1.5355331791362588e+00
 6.0479009323957200e-01 8.8214118780592699e-01
 2.5852233971725713e-01 1.4885841226180656e+00
 6.0409367465195740e-01 8.8226407083425784e-01
 2.6846550662945934e-01 1.4416350660998725e+00
 6.0339725606434280e-01 8.8238695386258870e-01
 2.7840867354166154e-01 1.3946860095816795e+00
 6.0270083747672809e-01 8.8250983689091966e-01
 2.8835184045386369e-01 1.3477369530634866e+00
 6.0200441888911338e-01 8.8263271991925052e-01
 2.9829500736606596e-01 1.3007878965452933e+00
 6.0130800030149867e-01 8.8275560294758137e-01
 3.0823817427826816e-01 1.2538388400271001e+00
 6.0051533104738741e-01 8.8289546940166841e-01
 3.1818134119047031e-01 1.2068897835089072e+00
 5.9970274152067160e-01 8.8303885078695687e-01
 3.2812450810267252e-01 1.1599407269907140e+00
 5.9889015199395568e-01 8.8318223217224534e-01
 3.3806767501487478e-01 1.1233536491749285e+00
 5.9807756246723986e-01 8.8332561355753370e-01
 3.4801084192707693e-01 1.0879153237572825e+00
 5.9726497294052394e-01 8.8346899494282216e-01
 3.5795400883927908e-01 1.0524769983396367e+00
 5.9645238341380802e-01 8.8361237632811063e-01
 3.6789717575148129e-01 1.0170386729219905e+00
 5.9563979388709221e-01 8.8375575771339898e-01
 3.7784034266368349e-01 9.8160034750434444e-01
 5.9480162725044194e-01 8.8390365217858013e-01
 3.8778350957588570e-01 9.4616202208669831e-01
 5.9389950012093573e-01 8.8406283246983697e-01
 3.9772667648808796e-01 9.1072369666905195e-01
 5.9299737299142952e-01 8.8422201276109380e-01
 4.0766984340029011e-01 8.7528537125140604e-01
 5.9209524586192330e-01 8.8438119305235063e-01
 4.1761301031249232e-01 8.4287823619030822e-01
 5.9119311873241709e-01 8.8454037334360747e-01
 4.2755617722469447e-01 8.4863088109725870e-01
 5.9029099160291088e-01 8.8469955363486430e-01
 4.3749934413689678e-01 8.5438352600420930e-01
 5.8938886447340477e-01 8.8485873392612113e-01
 4.4744251104909888e-01 8.6013617091115979e-01
 5.8848673734389856e-01 8.8501791421737797e-01
 4.5738567796130108e-01 8.6588881581811039e-01
 5.8753407108773692e-01 8.8518601213525050e-01
 4.6732884487350329e-01 8.7164146072506088e-01
 5.8656390430438088e-01 8.8535719802035617e-01
 4.7727201178570544e-01 8.7739410563201137e-01
 5.8559373752102506e-01 8.8552838390546174e-01
 4.8721517869790765e-01 8.8314675053896197e-01
 5.8462357073766902e-01 8.8569956979056730e-01
 4.9715834561010985e-01 8.8889939544591257e-01
 5.8365340395431309e-01 8.8587075567567286e-01
 5.0710151252231206e-01 8.9304346303535520e-01
 5.8268323717095716e-01 8.8604194156077853e-01
 5.1704467943451426e-01 8.9228301121182496e-01
 5.8171307038760123e-01 8.8621312744588410e-01
 5.2698784634671647e-01 8.9152255938829461e-01
 5.8073272799681197e-01 8.8638610881646174e-01
 5.3693101325891868e-01 8.9076210756476426e-01
 5.7971166303246235e-01 8.8656627568330482e-01
 5.4687418017112088e-01 8.9000165574123402e-01
 5.7869059806811274e-01 8.8674644255014801e-01
 5.5681734708332309e-01 8.8924120391770367e-01
 5.7766953310376312e-01 8.8692660941699109e-01
 5.6676051399552518e-01 8.8848075209417343e-01
 5.7664846813941362e-01 8.8710677628383416e-01
 5.7670368090772739e-01 8.8709703399335893e-01
 5.7562740317506400e-01 8.8728694315067724e-01
 5.8664684781992960e-01 8.8534256264078370e-01
 5.7460633821071438e-01 8.8746711001752043e-01
 5.9659001473213191e-01 8.8358809128820848e-01
 5.7358527324636477e-01 8.8764727688436351e-01
 6.0653318164433412e-01 8.8183361993563325e-01
 5.7253967245467940e-01 8.8783177309683192e-01
 6.1647634855653632e-01 8.8007914858305802e-01
 5.7148126522130815e-01 8.8801852900535727e-01
 6.2641951546873853e-01 8.7832467723048291e-01
 5.7042285798793702e-01 8.8820065660829683e-01
 6.3636268238094063e-01 8.7657020587790768e-01
 5.6936445075456588e-01 8.8828160342511708e-01
 6.4630584929314272e-01 8.7481573452533246e-01
 5.6830604352119463e-01 8.8836255024193722e-01
 6.5624901620534504e-01 8.7306126317275723e-01
 5.6724763628782338e-01 8.8844349705875747e-01
 6.6619218311754724e-01 8.7106245137368299e-01
 5.6618922905445224e-01 8.8852444387557772e-01
 6.7613535002974956e-01 8.6900270832976378e-01
 5.6512777473983855e-01 8.8860562373268659e-01
 6.8607851694195165e-01 8.6694296528584469e-01
 5.6404268178259875e-01 8.8868861146942268e-01
 6.9602168385415386e-01 8.6488322224192560e-01
 5.6295758882535885e-01 8.8877159920615878e-01
 7.0596485076635596e-01 8.6282347919800639e-01
 5.6187249586811883e-01 8.8885458694289488e-01
 7.1590801767855816e-01 8.6076373615408730e-01
 5.6078740291087903e-01 8.8893757467963097e-01
 7.2585118459076048e-01 8.5870399311016810e-01
 5.5970230995363901e-01 8.8902056241636707e-01
 7.3579435150296257e-01 8.5664425006624900e-01
 5.5861721699639910e-01 8.8910355015310316e-01
 7.4573751841516478e-01 8.5458450702232991e-01
 5.5753212403915908e-01 8.8918653788983926e-01
 7.5568068532736699e-01 8.5229542680307913e-01
 5.5643654754561878e-01 8.8927032740576373e-01
 7.6562385223956919e-01 8.5000017394763927e-01
 5.5533310476872566e-01 8.8935471853378756e-01
 7.7556701915177140e-01 8.4770492109219941e-01
 5.5422966199183232e-01 8.8943910966181139e-01
 7.8551018606397349e-01 8.4540966823675967e-01
 5.5312621921493910e-01 8.8952350078983522e-01
 7.9545335297617592e-01 8.4311441538131981e-01
 5.5202277643804565e-01 8.8960789191785905e-01
 8.0539651988837802e-01 8.4081916252587996e-01
 5.5091933366115242e-01 8.8969228304588288e-01
 8.1533968680058022e-01 8.3852390967044022e-01
 5.4981589088425908e-01 8.8977667417390671e-01
 8.2528285371278232e-01 8.3622865681500036e-01
 5.4871211069430059e-01 8.8986109110722800e-01
 8.3522602062498463e-01 8.3390632822641020e-01
 5.4759680682357814e-01 8.8994638936982084e-01
 8.4516918753718684e-01 8.3142710874572945e-01
 5.4648150295285580e-01 8.9003168763241369e-01
 8.5511235444938893e-01 8.2894788926504881e-01
 5.4536619908213346e-01 8.9011698589500643e-01
 8.6505552136159114e-01 8.2646866978436806e-01
 5.4425089521141112e-01 8.9020228415759928e-01
 8.7499868827379357e-01 8.2398945030368731e-01
 5.4313559134068867e-01 8.9028758242019213e-01
 8.8494185518599577e-01 8.2151023082300667e-01
 5.4202028746996633e-01 8.9037288068278497e-01
 8.9488502209819776e-01 8.1903101134232603e-01
 5.4090498359924388e-01 8.9045817894537771e-01
 9.0482818901039996e-01 8.1655179186164528e-01
 5.3978635882085690e-01 8.9054373119046037e-01
 9.1477135592260217e-01 8.1407257238096453e-01
 5.3866421587669733e-01 8.9062955250430165e-01
 9.2471452283480438e-01 8.1127947796553868e-01
 5.3754207293253775e-01 8.9071537381814292e-01
 9.3465768974700658e-01 8.0782112661294858e-01
 5.3641992998837829e-01 8.9080119513198408e-01
 9.4460085665920868e-01 8.0436277526035860e-01
 5.3529778704421871e-01 8.9088701644582535e-01
 9.5454402357141088e-01 8.0090442390776850e-01
 5.3417564410005913e-01 8.9097283775966651e-01
 9.6448719048361309e-01 7.9744607255517841e-01
 5.3305350115589967e-01 8.9105865907350779e-01
 9.7443035739581529e-01 7.9398772120258820e-01
 5.3193135821174020e-01 8.9114448038734895e-01
 9.8437352430801750e-01 7.9052936984999811e-01
 5.3080640482853780e-01 8.9123051664312114e-01
 9.9431669122021971e-01 7.8745217038083126e-01
 5.2968128065089770e-01 8.9131656596122466e-01
 1.0042598581324218e+00 7.8453785164458056e-01
 5.2855615647325749e-01 8.9140261527932818e-01
 1.0142030250446241e+00 7.8162353290832975e-01
 5.2743103229561727e-01 8.9148866459743170e-01
 1.0241461919568262e+00 7.7870921417207906e-01
 5.2630590811797706e-01 8.9157471391553522e-01
 1.0340893588690285e+00 7.7579489543582836e-01
 5.2518078394033685e-01 8.9166076323363874e-01
 1.0440325257812308e+00 7.7288057669957755e-01
 5.2405565976269664e-01 8.9174681255174226e-01
 1.0539756926934329e+00 7.6996625796332685e-01
 5.2293051619369424e-01 8.9183286335289402e-01
 1.0639188596056353e+00 7.6705193922707604e-01
 5.2180534351845487e-01 8.9191891638008625e-01
 1.0738620265178374e+00 7.6413762049082534e-01
 5.2068017084321550e-01 8.9200496940727847e-01
 1.0838051934300397e+00 7.6108665618750382e-01
 5.1955499816797612e-01 8.9209102243447069e-01
 1.0937483603422418e+00 7.5801599096620786e-01
 5.1842982549273664e-01 8.9217707546166281e-01
 1.1036915272544439e+00 7.5494532574491180e-01
 5.1730465281749727e-01 8.9226312848885503e-01
 1.1136346941666462e+00 7.5187466052361573e-01
 5.1617948014225790e-01 8.9234918151604725e-01
 1.1235778610788483e+00 7.4880399530231978e-01
 5.1505430746701841e-01 8.9243523454323948e-01
 1.1335210279910504e+00 7.4573333008102383e-01
 5.1393097508281715e-01 8.9252114682526584e-01
 1.1434641949032527e+00 7.4266266485972776e-01
 5.1280794983873013e-01 8.9260703561726518e-01
 1.1534073618154548e+00 7.3959199963843181e-01
 5.1168492459464321e-01 8.9269292440926440e-01
 1.1633505287276571e+00 7.3651808895358017e-01
 5.1056189935055618e-01 8.9277881320126373e-01
 1.1732936956398592e+00 7.3337892373553593e-01
 5.0943887410646915e-01 8.9286470199326307e-01
 1.1832368625520615e+00 7.3023975851749157e-01
 5.0831584886238224e-01 8.9295059078526229e-01
 1.1931800294642638e+00 7.2710059329944721e-01
 5.0719282361829521e-01 8.9303647957726162e-01
 1.2031231963764659e+00 7.2396142808140307e-01
 5.0607097771018772e-01 8.9312227817383283e-01
 1.2130663632886682e+00 7.2082226286335871e-01
 5.0495170706013714e-01 8.9320787981507765e-01
 1.2230095302008701e+00 7.1768309764531457e-01
 5.0383243641008657e-01 8.9276070792190998e-01
 1.2329526971130726e+00 7.1454393242727010e-01
 5.0271316576003588e-01 8.9211315099549338e-01
 1.2428958640252747e+00 7.1140476720922585e-01
 5.0159389510998531e-01 8.9146559406907677e-01
 1.2528390309374771e+00 7.0825211441106917e-01
 5.0047462445993474e-01 8.9081803714266017e-01
 1.2627821978496792e+00 7.0505185476621457e-01
 4.9935535380988416e-01 8.9017048021624356e-01
 1.2727253647618813e+00 7.0185159512135997e-01
 4.9823608315983353e-01 8.8952292328982696e-01
 1.2826685316740836e+00 6.9865133547650526e-01
 4.9712058329174869e-01 8.8887754795905916e-01
 1.2926116985862854e+00 6.9545107583165067e-01
 4.9600620191073541e-01 8.8823281973187640e-01
 1.3025548654984878e+00 6.9225081618679596e-01
 4.9489182052972197e-01 8.8758809150469353e-01
 1.3124980324106901e+00 6.8905055654194125e-01
 4.9377743914870864e-01 8.8694336327751078e-01
 1.3224411993228922e+00 6.8585029689708665e-01
 4.9266305776769526e-01 8.8629863505032791e-01
 1.3323843662350945e+00 6.8265003725223194e-01
 4.9154867638668193e-01 8.8565390682314504e-01
 1.3423275331472966e+00 6.7952204291795282e-01
 4.9043429500566854e-01 8.8500917859596229e-01
 1.3522707000594991e+00 6.7650512646514638e-01
 4.8932118638656580e-01 8.8436518672847120e-01
 1.3622138669717010e+00 6.7348821001234016e-01
 4.8821237830179837e-01 8.8372368294623105e-01
 1.3721570338839033e+00 6.7047129355953383e-01
 4.8710357021703088e-01 8.8308217916399090e-01
 1.3821002007961056e+00 6.6745437710672750e-01
 4.8599476213226345e-01 8.8244067538175064e-01
 1.3920433677083077e+00 6.6443746065392117e-01
 4.8488595404749590e-01 8.8179917159951049e-01
 1.4019865346205100e+00 6.6142054420111485e-01
 4.8377714596272847e-01 8.8115766781727034e-01
 1.4119297015327119e+00 6.5840362774830863e-01
 4.8266833787796104e-01 8.8051616403503008e-01
 1.4218728684449145e+00 6.5538671129550219e-01
 4.8155952979319350e-01 8.7987466025278993e-01
 1.4318160353571163e+00 6.5204775028791295e-01
 4.8045494389677451e-01 8.7923559922852745e-01
 1.4417592022693186e+00 6.4846339476167003e-01
 4.7935229509981636e-01 8.7859765891816299e-01
 1.4517023691815210e+00 6.4487903923542700e-01
 4.7824964630285832e-01 8.7795971860779853e-01
 1.4616455360937228e+00 6.4129468370918419e-01
 4.7714699750590017e-01 8.7732177829743396e-01
 1.4715887030059251e+00 6.3771032818294127e-01
 4.7604434870894208e-01 8.7668383798706950e-01
 1.4815318699181272e+00 6.3412597265669846e-01
 4.7494169991198398e-01 8.7604589767670504e-01
 1.4914750368303296e+00 6.3054161713045542e-01
 4.7383905111502583e-01 8.7540795736634047e-01
 1.5014182037425319e+00 6.2790353540255406e-01
 4.7273729745846993e-01 8.7477053494176849e-01
 1.5113613706547340e+00 6.2531780073583765e-01
 4.7164092457953544e-01 8.7413622557999149e-01
 1.5213045375669365e+00 6.2273206606912113e-01
 4.7054455170060094e-01 8.7350191621821449e-01
 1.5312477044791384e+00 6.2014633140240483e-01
 4.6944817882166656e-01 8.7286760685643749e-01
 1.5411908713913407e+00 6.1756059673568831e-01
 4.6835180594273196e-01 8.7223329749466050e-01
 1.5511340383035428e+00 6.1497486206897189e-01
 4.6725543306379752e-01 8.7159898813288350e-01
 1.5610772052157451e+00 6.1238912740225537e-01
 4.6615906018486308e-01 8.7096467877110650e-01
 1.5710203721279470e+00 6.0980339273553907e-01
 4.6506268730592865e-01 8.7033036940932951e-01
 1.5809635390401493e+00 6.0720643481737191e-01
 4.6397006616361980e-01 8.6969823062447060e-01
 1.5909067059523518e+00 6.0452792127199639e-01
 4.6287994865473114e-01 8.6906754032319544e-01
 1.6008498728645537e+00 6.0184940772662110e-01
 4.6178983114584260e-01 8.6843685002192028e-01
 1.6107930397767560e+00 5.9917089418124569e-01
 4.6069971363695394e-01 8.6780615972064512e-01
 1.6207362066889581e+00 5.9649238063587029e-01
 4.5960959612806540e-01 8.6717546941937007e-01
 1.6306793736011604e+00 5.9381386709049488e-01
 4.5851947861917675e-01 8.6654477911809491e-01
 1.6406225405133625e+00 5.9113535354511948e-01
 4.5742936111028820e-01 8.6591408881681986e-01
 1.6505657074255646e+00 5.8845683999974407e-01
 4.5633958825543763e-01 8.6528359791602893e-01
 1.6605088743377669e+00 5.8577832645436867e-01
 4.5525552856455270e-01 8.6465641238101121e-01
 1.6704520412499693e+00 5.8306095950346049e-01
 4.5417146887366772e-01 8.6402922684599348e-01
 1.6803952081621716e+00 5.8025045082696036e-01
 4.5308740918278279e-01 8.6340204131097587e-01
 1.6903383750743737e+00 5.7743994215046024e-01
 4.5200334949189791e-01 8.6277485577595825e-01
 1.7002815419865758e+00 5.7462943347396023e-01
 4.5091928980101292e-01 8.6214767024094052e-01
 1.7102247088987779e+00 5.7181892479746010e-01
 4.4983523011012799e-01 8.6152048470592280e-01
 1.7201678758109800e+00 5.6900841612095998e-01
 4.4875117041924312e-01 8.6089329917090518e-01
 1.7301110427231823e+00 5.6619790744445986e-01
 4.4767004515745040e-01 8.6026781135742036e-01
 1.7400542096353848e+00 5.6338739876795962e-01
 4.4659169418782585e-01 8.5964392861783734e-01
 1.7499973765475871e+00 5.6057689009145950e-01
 4.4551334321820130e-01 8.4318000000000004e-01
 1.7599405434597892e+00 8.4318000000000004e-01
 4.4443499224857674e-01 8.4318000000000004e-01
 1.7698837103719915e+00 8.4318000000000004e-01
 4.4335664127895219e-01 8.4318000000000004e-01
 1.7798268772841936e+00 8.4318000000000004e-01
 4.4227829030932764e-01 8.4318000000000004e-01
 1.7897700441963955e+00 8.4318000000000004e-01
 4.4119993933970314e-01 8.4318000000000004e-01
 1.7997132111085981e+00 8.4318000000000004e-01
 4.4012158837007859e-01 8.4318000000000004e-01
