 0.0000000000000000e+00 2.8063703262914403e+00
 1.0000000000000000e+00 7.8738322591396503e-01
 9.9431669122021973e-03 2.6617415412098508e+00
 9.9963014384548832e-01 7.8770032048019123e-01
 1.9886333824404395e-02 2.5171127561282618e+00
 9.9926028769097663e-01 7.8801741504641754e-01
 2.9829500736606590e-02 2.3724839710466719e+00
 9.9889043153646495e-01 7.8833450961264362e-01
 3.9772667648808789e-02 2.2278551859650824e+00
 9.9852057538195327e-01 7.8865160417886981e-01
 4.9715834561010995e-02 2.0832264008834924e+00
 9.9815071922744159e-01 7.8896869874509601e-01
 5.9659001473213180e-02 1.9904879963232676e+00
 9.9778086307292990e-01 7.8945940111071899e-01
 6.9602168385415386e-02 1.9396210645698990e+00
 9.9741100691841822e-01 7.9005457469946039e-01
 7.9545335297617578e-02 1.8887541328165307e+00
 9.9671566517342447e-01 7.9065619888312344e-01
 8.9488502209819770e-02 1.8378872010631619e+00
 9.9563379167766686e-01 7.9125782306678649e-01
 9.9431669122021990e-02 2.8063703262914403e+00
 9.9455191818190936e-01 7.8738322591396503e-01
 1.0937483603422420e-01 2.6617415412098508e+00
 9.9347004468615174e-01 7.8770032048019123e-01
 1.1931800294642636e-01 2.5171127561282618e+00
 9.9238817119039413e-01 7.8801741504641754e-01
 1.2926116985862857e-01 2.3724839710466719e+00
 9.9130629769463663e-01 7.8833450961264362e-01
 1.3920433677083077e-01 2.2278551859650824e+00
 9.9022442419887913e-01 7.8865160417886981e-01
 1.4914750368303298e-01 2.0832264008834924e+00
 9.8914255070312151e-01 7.8896869874509601e-01
 1.5909067059523516e-01 1.9904879963232676e+00
 9.8746835650297771e-01 7.8945940111071899e-01
 1.6903383750743739e-01 1.9396210645698990e+00
 9.8573861621152392e-01 7.9005457469946039e-01
 1.7897700441963954e-01 1.8887541328165307e+00
 9.8400887592006991e-01 7.9065619888312344e-01
 1.8892017133184175e-01 1.8378872010631619e+00
 9.8227913562861602e-01 7.9125782306678649e-01
 1.9886333824404398e-01 1.7870202693097934e+00
 9.8054939533716212e-01 7.9185944725044954e-01
 2.0880650515624616e-01 1.7361533375564249e+00
 9.7881965504570834e-01 7.9246107143411260e-01
 2.1874967206844839e-01 1.6852864058030561e+00
 9.7708991475425444e-01 7.9306269561777565e-01
 2.2869283898065054e-01 1.6344194740496878e+00
 9.7514949418372820e-01 7.9373759690062928e-01
 2.3863600589285272e-01 1.5835525422963195e+00
 9.7285248594723195e-01 7.9453652360192495e-01
 2.4857917280505493e-01 1.5355331791362588e+00
 9.7055547771073558e-01 7.9533545030322061e-01
 2.5852233971725713e-01 1.4885841226180656e+00
 9.6825846947423932e-01 7.9613437700451617e-01
 2.6846550662945934e-01 1.4416350660998725e+00
 9.6596146123774296e-01 7.9693330370581184e-01
 2.7840867354166154e-01 1.3946860095816795e+00
 9.6366445300124659e-01 7.9773223040710750e-01
 2.8835184045386369e-01 1.3477369530634866e+00
 9.6136744476475045e-01 7.9853115710840306e-01
 2.9829500736606596e-01 1.3007878965452933e+00
 9.5907043652825408e-01 7.9933008380969872e-01
 3.0823817427826816e-01 1.2538388400271001e+00
 9.5637465150457202e-01 8.0026770980605022e-01
 3.1818134119047031e-01 1.2068897835089072e+00
 9.5359633466476557e-01 8.0123404134666609e-01
 3.2812450810267252e-01 1.1599407269907140e+00
 9.5081801782495889e-01 8.0220037288728197e-01
 3.3806767501487478e-01 1.1233536491749285e+00
 9.4803970098515244e-01 8.0316670442789773e-01
 3.4801084192707693e-01 1.0879153237572825e+00
 9.4526138414534588e-01 8.0413303596851360e-01
 3.5795400883927908e-01 1.0524769983396367e+00
 9.4248306730553932e-01 8.0509936750912947e-01
 3.6789717575148129e-01 1.0170386729219905e+00
 9.3970475046573287e-01 8.0606569904974523e-01
 3.7784034266368349e-01 9.8160034750434444e-01
 9.3681311698059389e-01 8.0707144346325332e-01
 3.8778350957588570e-01 9.4616202208669831e-01
 9.3363811338433411e-01 8.0817574736145381e-01
 3.9772667648808796e-01 9.1072369666905195e-01
 9.3046310978807456e-01 8.0928005125965430e-01
 4.0766984340029011e-01 8.7528537125140604e-01
 9.2728810619181501e-01 8.1038435515785467e-01
 4.1761301031249232e-01 8.4287823619030822e-01
 9.2411310259555535e-01 8.1148865905605516e-01
 4.2755617722469447e-01 8.4863088109725870e-01
 9.2093809899929591e-01 8.1253496271363312e-01
 4.3749934413689678e-01 8.5438352600420930e-01
 9.1776309540303624e-01 8.1332661499470049e-01
 4.4744251104909888e-01 8.6013617091115979e-01
 9.1458809180677669e-01 8.1411826727576786e-01
 4.5738567796130108e-01 8.6588881581811039e-01
 9.1117743716564736e-01 8.1496867655711913e-01
 4.6732884487350329e-01 8.7164146072506088e-01
 9.0768518203412540e-01 8.1583943202467057e-01
 4.7727201178570544e-01 8.7739410563201137e-01
 9.0419292690260367e-01 8.1671018749222191e-01
 4.8721517869790765e-01 8.8314675053896197e-01
 9.0070067177108171e-01 8.1758094295977335e-01
 4.9715834561010985e-01 8.8889939544591257e-01
 8.9720841663955997e-01 8.1845169842732468e-01
 5.0710151252231206e-01 8.9304346303535520e-01
 8.9371616150803801e-01 8.1932245389487612e-01
 5.1704467943451426e-01 8.9228301121182496e-01
 8.9022390637651616e-01 8.2019320936242746e-01
 5.2698784634671647e-01 8.9152255938829461e-01
 8.8668267407754642e-01 8.2107617674884914e-01
 5.3693101325891868e-01 8.9076210756476426e-01
 8.8294543615264787e-01 8.2200801598569995e-01
 5.4687418017112088e-01 8.9000165574123402e-01
 8.7920819822774932e-01 8.2293985522255086e-01
 5.5681734708332309e-01 8.8924120391770367e-01
 8.7547096030285076e-01 8.2387169445940167e-01
 5.6676051399552518e-01 8.8848075209417343e-01
 8.7173372237795244e-01 8.2480353369625248e-01
 5.7670368090772739e-01 8.8709703399335893e-01
 8.6799648445305388e-01 8.2573537293310340e-01
 5.8664684781992960e-01 8.8534256264078370e-01
 8.6425924652815533e-01 8.2666721216995420e-01
 5.9659001473213191e-01 8.8358809128820848e-01
 8.6052200860325678e-01 8.2759905140680512e-01
 6.0653318164433412e-01 8.8183361993563325e-01
 8.5666605934865936e-01 8.2856049001011189e-01
 6.1647634855653632e-01 8.8007914858305802e-01
 8.5274814887708672e-01 8.2953737796245686e-01
 6.2641951546873853e-01 8.7832467723048291e-01
 8.4883023840551419e-01 8.3051426591480193e-01
 6.3636268238094063e-01 8.7657020587790768e-01
 8.4491232793394155e-01 8.3149115386714689e-01
 6.4630584929314272e-01 8.7481573452533246e-01
 8.4099441746236903e-01 8.3246804181949186e-01
 6.5624901620534504e-01 8.7306126317275723e-01
 8.3707650699079639e-01 8.3344492977183682e-01
 6.6619218311754724e-01 8.7106245137368299e-01
 8.3315859651922386e-01 8.3441064236097262e-01
 6.7613535002974956e-01 8.6900270832976378e-01
 8.2922648283432154e-01 8.3531832049238464e-01
 6.8607851694195165e-01 8.6694296528584469e-01
 8.2518418348079681e-01 8.3625143357553466e-01
 6.9602168385415386e-01 8.6488322224192560e-01
 8.2114188412727218e-01 8.3718454665868469e-01
 7.0596485076635596e-01 8.6282347919800639e-01
 8.1709958477374744e-01 8.3811765974183472e-01
 7.1590801767855816e-01 8.6076373615408730e-01
 8.1305728542022271e-01 8.3905077282498464e-01
 7.2585118459076048e-01 8.5870399311016810e-01
 8.0901498606669797e-01 8.3998388590813466e-01
 7.3579435150296257e-01 8.5664425006624900e-01
 8.0497268671317324e-01 8.4091699899128469e-01
 7.4573751841516478e-01 8.5458450702232991e-01
 8.0093038735964839e-01 8.4185011207443472e-01
 7.5568068532736699e-01 8.5229542680307913e-01
 7.9684479234929739e-01 8.4279321940598029e-01
 7.6562385223956919e-01 8.5000017394763927e-01
 7.9272671060023625e-01 8.4374382588547803e-01
 7.7556701915177140e-01 8.4770492109219941e-01
 7.8860862885117489e-01 8.4469443236497588e-01
 7.8551018606397349e-01 8.4540966823675967e-01
 7.8449054710211374e-01 8.4564503884447362e-01
 7.9545335297617592e-01 8.4311441538131981e-01
 7.8037246535305238e-01 8.4659564532397147e-01
 8.0539651988837802e-01 8.4081916252587996e-01
 7.7625438360399124e-01 8.4754625180346921e-01
 8.1533968680058022e-01 8.3852390967044022e-01
 7.7213630185493010e-01 8.4849685828296695e-01
 8.2528285371278232e-01 8.3622865681500036e-01
 7.6801724487085299e-01 8.4944768988298969e-01
 8.3522602062498463e-01 8.3390632822641020e-01
 7.6386488064960356e-01 8.5040621003253614e-01
 8.4516918753718684e-01 8.3142710874572945e-01
 7.5971251642835402e-01 8.5136473018208247e-01
 8.5511235444938893e-01 8.2894788926504881e-01
 7.5556015220710471e-01 8.5232325033162892e-01
 8.6505552136159114e-01 8.2646866978436806e-01
 7.5140778798585528e-01 8.5328177048117526e-01
 8.7499868827379357e-01 8.2398945030368731e-01
 7.4725542376460585e-01 8.5424029063072171e-01
 8.8494185518599577e-01 8.2151023082300667e-01
 7.4310305954335631e-01 8.5513023942163613e-01
 8.9488502209819776e-01 8.1903101134232603e-01
 7.3895069532210711e-01 8.5599040835936568e-01
 9.0482818901039996e-01 8.1655179186164528e-01
 7.3479870991898777e-01 8.5685049882430941e-01
 9.1477135592260217e-01 8.1407257238096453e-01
 7.3064712583536129e-01 8.5771050615527367e-01
 9.2471452283480438e-01 8.1127947796553868e-01
 7.2649554175173459e-01 8.5857051348623792e-01
 9.3465768974700658e-01 8.0782112661294858e-01
 7.2234395766810811e-01 8.5943052081720217e-01
 9.4460085665920868e-01 8.0436277526035860e-01
 7.1819237358448151e-01 8.6029052814816642e-01
 9.5454402357141088e-01 8.0090442390776850e-01
 7.1404078950085492e-01 8.6115053547913067e-01
 9.6448719048361309e-01 7.9744607255517841e-01
 7.0988920541722833e-01 8.6201054281009504e-01
 9.7443035739581529e-01 7.9398772120258820e-01
 7.0573762133360174e-01 8.6287055014105929e-01
 9.8437352430801750e-01 7.9052936984999811e-01
 7.0161441208175501e-01 8.6372467957990962e-01
 9.9431669122021971e-01 7.8745217038083126e-01
 6.9749292720939882e-01 8.6457845181077053e-01
 1.0042598581324218e+00 7.8453785164458056e-01
 6.9337144233704240e-01 8.6543222404163156e-01
 1.0142030250446241e+00 7.8162353290832975e-01
 6.8924995746468598e-01 8.6628599627249259e-01
 1.0241461919568262e+00 7.7870921417207906e-01
 6.8512847259232967e-01 8.6713976850335350e-01
 1.0340893588690285e+00 7.7579489543582836e-01
 6.8100698771997314e-01 8.6799354073421453e-01
 1.0440325257812308e+00 7.7288057669957755e-01
 6.7688550284761684e-01 8.6884731296507545e-01
 1.0539756926934329e+00 7.6996625796332685e-01
 6.7278574937819957e-01 8.6969658350080925e-01
 1.0639188596056353e+00 7.6705193922707604e-01
 6.6871861452314141e-01 8.7053909703803112e-01
 1.0738620265178374e+00 7.6413762049082534e-01
 6.6465147966808336e-01 8.7138161057525299e-01
 1.0838051934300397e+00 7.6108665618750382e-01
 6.6058434481302508e-01 8.7222412411247485e-01
 1.0937483603422418e+00 7.5801599096620786e-01
 6.5651720995796703e-01 8.7301394039722013e-01
 1.1036915272544439e+00 7.5494532574491180e-01
 6.5245007510290898e-01 8.7373158615870306e-01
 1.1136346941666462e+00 7.5187466052361573e-01
 6.4838294024785070e-01 8.7444923192018598e-01
 1.1235778610788483e+00 7.4880399530231978e-01
 6.4431580539279254e-01 8.7516687768166901e-01
 1.1335210279910504e+00 7.4573333008102383e-01
 6.4031222871868831e-01 8.7587330860499324e-01
 1.1434641949032527e+00 7.4266266485972776e-01
 6.3631925975095294e-01 8.7657786779900781e-01
 1.1534073618154548e+00 7.3959199963843181e-01
 6.3232629078321767e-01 8.7728242699302239e-01
 1.1633505287276571e+00 7.3651808895358017e-01
 6.2833332181548240e-01 8.7798698618703697e-01
 1.1732936956398592e+00 7.3337892373553593e-01
 6.2434035284774714e-01 8.7869154538105143e-01
 1.1832368625520615e+00 7.3023975851749157e-01
 6.2034738388001187e-01 8.7939610457506601e-01
 1.1931800294642638e+00 7.2710059329944721e-01
 6.1635441491227649e-01 8.8010066376908058e-01
 1.2031231963764659e+00 7.2396142808140307e-01
 6.1238975524778172e-01 8.8080022778781697e-01
 1.2130663632886682e+00 7.2082226286335871e-01
 6.0848691321839976e-01 8.8148888408762960e-01
 1.2230095302008701e+00 7.1768309764531457e-01
 6.0458407118901802e-01 8.8217754038744223e-01
 1.2329526971130726e+00 7.1454393242727010e-01
 6.0068122915963595e-01 8.8286619668725497e-01
 1.2428958640252747e+00 7.1140476720922585e-01
 5.9677838713025411e-01 8.8355485298706760e-01
 1.2528390309374771e+00 7.0825211441106917e-01
 5.9287554510087226e-01 8.8424350928688034e-01
 1.2627821978496792e+00 7.0505185476621457e-01
 5.8897270307149041e-01 8.8493216558669296e-01
 1.2727253647618813e+00 7.0185159512135997e-01
 5.8506986104210845e-01 8.8562082188650570e-01
 1.2826685316740836e+00 6.9865133547650526e-01
 5.8124626829712656e-01 8.8629549465366531e-01
 1.2926116985862854e+00 6.9545107583165067e-01
 5.7744618242706591e-01 8.8696601963380672e-01
 1.3025548654984878e+00 6.9225081618679596e-01
 5.7364609655700505e-01 8.8763654461394814e-01
 1.3124980324106901e+00 6.8905055654194125e-01
 5.6984601068694429e-01 8.8824477379810285e-01
 1.3224411993228922e+00 6.8585029689708665e-01
 5.6604592481688365e-01 8.8853540376086781e-01
 1.3323843662350945e+00 6.8265003725223194e-01
 5.6224583894682290e-01 8.8882603372363289e-01
 1.3423275331472966e+00 6.7952204291795282e-01
 5.5844575307676214e-01 8.8911666368639786e-01
 1.3522707000594991e+00 6.7650512646514638e-01
 5.5467136312142518e-01 8.8940532842969289e-01
 1.3622138669717010e+00 6.7348821001234016e-01
 5.5098379707448852e-01 8.8968735289428680e-01
 1.3721570338839033e+00 6.7047129355953383e-01
 5.4729623102755154e-01 8.8996937735888071e-01
 1.3821002007961056e+00 6.6745437710672750e-01
 5.4360866498061455e-01 8.9025140182347451e-01
 1.3920433677083077e+00 6.6443746065392117e-01
 5.3992109893367768e-01 8.9053342628806842e-01
 1.4019865346205100e+00 6.6142054420111485e-01
 5.3623353288674069e-01 8.9081545075266233e-01
 1.4119297015327119e+00 6.5840362774830863e-01
 5.3254596683980393e-01 8.9109747521725624e-01
 1.4218728684449145e+00 6.5538671129550219e-01
 5.2885840079286695e-01 8.9137949968185015e-01
 1.4318160353571163e+00 6.5204775028791295e-01
 5.2525297835995677e-01 8.9165524181591205e-01
 1.4417592022693186e+00 6.4846339476167003e-01
 5.2168524262818772e-01 8.9192810167706638e-01
 1.4517023691815210e+00 6.4487903923542700e-01
 5.1811750689641867e-01 8.9220096153822070e-01
 1.4616455360937228e+00 6.4129468370918419e-01
 5.1454977116464962e-01 8.9247382139937503e-01
 1.4715887030059251e+00 6.3771032818294127e-01
 5.1098203543288045e-01 8.9274668126052936e-01
 1.4815318699181272e+00 6.3412597265669846e-01
 5.0741429970111152e-01 8.9301954112168380e-01
 1.4914750368303296e+00 6.3054161713045542e-01
 5.0384656396934246e-01 8.9276888145781852e-01
 1.5014182037425319e+00 6.2790353540255406e-01
 5.0029666427055430e-01 8.9071507781530312e-01
 1.5113613706547340e+00 6.2531780073583765e-01
 4.9685397873267712e-01 8.8872330320258919e-01
 1.5213045375669365e+00 6.2273206606912113e-01
 4.9341129319479965e-01 8.8673152858987514e-01
 1.5312477044791384e+00 6.2014633140240483e-01
 4.8996860765692246e-01 8.8473975397716120e-01
 1.5411908713913407e+00 6.1756059673568831e-01
 4.8652592211904516e-01 8.8274797936444716e-01
 1.5511340383035428e+00 6.1497486206897189e-01
 4.8308323658116792e-01 8.8075620475173322e-01
 1.5610772052157451e+00 6.1238912740225537e-01
 4.7964055104329056e-01 8.7876443013901917e-01
 1.5710203721279470e+00 6.0980339273553907e-01
 4.7619786550541338e-01 8.7677265552630523e-01
 1.5809635390401493e+00 6.0720643481737191e-01
 4.7283224751097969e-01 8.7482546853996790e-01
 1.5909067059523518e+00 6.0452792127199639e-01
 4.6951805873363556e-01 8.7290803606005407e-01
 1.6008498728645537e+00 6.0184940772662110e-01
 4.6620386995629171e-01 8.7099060358014035e-01
 1.6107930397767560e+00 5.9917089418124569e-01
 4.6288968117894769e-01 8.6907317110022653e-01
 1.6207362066889581e+00 5.9649238063587029e-01
 4.5957549240160378e-01 8.6715573862031281e-01
 1.6306793736011604e+00 5.9381386709049488e-01
 4.5626130362425976e-01 8.6523830614039898e-01
 1.6406225405133625e+00 5.9113535354511948e-01
 4.5294711484691580e-01 8.6332087366048527e-01
 1.6505657074255646e+00 5.8845683999974407e-01
 4.4964034771621886e-01 8.6140773499341416e-01
 1.6605088743377669e+00 5.8577832645436867e-01
 4.4645660564690709e-01 8.5956577279346413e-01
 1.6704520412499693e+00 5.8306095950346049e-01
 4.4327286357759527e-01 8.5772381059351410e-01
 1.6803952081621716e+00 5.8025045082696036e-01
 4.4008912150828350e-01 8.5588184839356407e-01
 1.6903383750743737e+00 5.7743994215046024e-01
 4.3690537943897179e-01 8.5403988619361404e-01
 1.7002815419865758e+00 5.7462943347396023e-01
 4.3372163736966007e-01 8.5219792399366401e-01
 1.7102247088987779e+00 5.7181892479746010e-01
 4.3053789530034836e-01 8.5035596179371398e-01
 1.7201678758109800e+00 5.6900841612095998e-01
 4.2735415323103659e-01 8.4851399959376395e-01
 1.7301110427231823e+00 5.6619790744445986e-01
 4.2423782079401573e-01 8.4671103741074027e-01
 1.7400542096353848e+00 5.6338739876795962e-01
 4.2118521932783726e-01 8.4494494694555744e-01
 1.7499973765475871e+00 5.6057689009145950e-01
 4.1813261786165890e-01 8.4318000000000004e-01
 1.7599405434597892e+00 8.4318000000000004e-01
 4.1508001639548053e-01 8.4318000000000004e-01
 1.7698837103719915e+00 8.4318000000000004e-01
 4.1202741492930206e-01 8.4318000000000004e-01
 1.7798268772841936e+00 8.4318000000000004e-01
 4.0897481346312375e-01 8.4318000000000004e-01
 1.7897700441963955e+00 8.4318000000000004e-01
 4.0592221199694545e-01 8.4318000000000004e-01
 1.7997132111085981e+00 8.4318000000000004e-01
 4.0286961053076698e-01 8.4318000000000004e-01
