 0.0000000000000000e+00 8.4944451603920401e-01
 1.0000000000000000e+00 8.4950999999999999e-01
 9.9431669122021973e-03 8.4951386636035786e-01
 9.9963014384548832e-01 8.4950999999999999e-01
 1.9886333824404395e-02 8.4964424724692367e-01
 9.9926028769097663e-01 8.4950999999999999e-01
 2.9829500736606590e-02 8.4984710523228757e-01
 9.9889043153646495e-01 8.4950999999999999e-01
 3.9772667648808789e-02 8.5004996321765147e-01
 9.9852057538195327e-01 8.4950999999999999e-01
 4.9715834561010995e-02 8.5025282120301537e-01
 9.9815071922744159e-01 8.4950999999999999e-01
 5.9659001473213180e-02 8.5045567918837939e-01
 9.9778086307292990e-01 8.4944451603920401e-01
 6.9602168385415386e-02 8.4950999999999999e-01
 9.9741100691841822e-01 8.4951386636035786e-01
 7.9545335297617578e-02 8.4950999999999999e-01
 9.9671566517342447e-01 8.4964424724692367e-01
 8.9488502209819770e-02 8.4950999999999999e-01
 9.9563379167766686e-01 8.4984710523228757e-01
 9.9431669122021990e-02 8.4950999999999999e-01
 9.9455191818190936e-01 8.5004996321765147e-01
 1.0937483603422420e-01 8.4950999999999999e-01
 9.9347004468615174e-01 8.5025282120301537e-01
 1.1931800294642636e-01 8.4950999999999999e-01
 9.9238817119039413e-01 8.5045567918837939e-01
 1.2926116985862857e-01 1.6178788809454920e+00
 9.9130629769463663e-01 8.5065853717374329e-01
 1.3920433677083077e-01 1.5881555963068781e+00
 9.9022442419887913e-01 8.5086139515910719e-01
 1.4914750368303298e-01 1.5584323116682641e+00
 9.8914255070312151e-01 8.5106425314447109e-01
 1.5909067059523516e-01 1.5287090270296502e+00
 9.8746835650297771e-01 8.5137817493281409e-01
 1.6903383750743739e-01 1.4989857423910360e+00
 9.8573861621152392e-01 8.5170251195752456e-01
 1.7897700441963954e-01 1.4692624577524223e+00
 9.8400887592006991e-01 8.5202684898223513e-01
 1.8892017133184175e-01 1.4395391731138083e+00
 9.8227913562861602e-01 8.5235118600694559e-01
 1.9886333824404398e-01 1.4098158884751943e+00
 9.8054939533716212e-01 8.5267552303165606e-01
 2.0880650515624616e-01 1.3800926038365804e+00
 9.7881965504570834e-01 8.5299986005636652e-01
 2.1874967206844839e-01 1.3503693191979664e+00
 9.7708991475425444e-01 8.5332419708107698e-01
 2.2869283898065054e-01 1.3206460345593525e+00
 9.7514949418372820e-01 8.5368803796380421e-01
 2.3863600589285272e-01 1.2909227499207385e+00
 9.7285248594723195e-01 8.5411874124385245e-01
 2.4857917280505493e-01 1.2650854698305813e+00
 9.7055547771073558e-01 8.5454944452390058e-01
 2.5852233971725713e-01 1.2539099798746016e+00
 9.6825846947423932e-01 8.5498014780394882e-01
 2.6846550662945934e-01 1.2427344899186219e+00
 9.6596146123774296e-01 8.5541085108399695e-01
 2.7840867354166154e-01 1.2315589999626422e+00
 9.6366445300124659e-01 8.5584155436404519e-01
 2.8835184045386369e-01 1.2203835100066625e+00
 9.6136744476475045e-01 8.5627225764409332e-01
 2.9829500736606596e-01 1.2092080200506827e+00
 9.5907043652825408e-01 8.5670296092414155e-01
 3.0823817427826816e-01 1.1980325300947030e+00
 9.5637465150457202e-01 8.5720843732320551e-01
 3.1818134119047031e-01 1.1868570401387233e+00
 9.5359633466476557e-01 8.5772938894928374e-01
 3.2812450810267252e-01 1.1756815501827436e+00
 9.5081801782495889e-01 8.5825034057536198e-01
 3.3806767501487478e-01 1.1645060602267638e+00
 9.4803970098515244e-01 8.5877129220144011e-01
 3.4801084192707693e-01 1.1533305702707841e+00
 9.4526138414534588e-01 8.5929224382751834e-01
 3.5795400883927908e-01 1.1421550803148046e+00
 9.4248306730553932e-01 8.5981319545359658e-01
 3.6789717575148129e-01 1.1309795903588249e+00
 9.3970475046573287e-01 8.6033414707967470e-01
 3.7784034266368349e-01 1.1189502808884029e+00
 9.3681311698059389e-01 8.6087634627903253e-01
 3.8778350957588570e-01 1.1067262198180245e+00
 9.3363811338433411e-01 8.6147167913041123e-01
 3.9772667648808796e-01 1.0945021587476462e+00
 9.3046310978807456e-01 8.6206701198179003e-01
 4.0766984340029011e-01 1.0822780976772679e+00
 9.2728810619181501e-01 8.6266234483316873e-01
 4.1761301031249232e-01 1.0700540366068896e+00
 9.2411310259555535e-01 8.6325767768454742e-01
 4.2755617722469447e-01 1.0578299755365115e+00
 9.2093809899929591e-01 8.6385301053592611e-01
 4.3749934413689678e-01 1.0456059144661329e+00
 9.1776309540303624e-01 8.6444834338730492e-01
 4.4744251104909888e-01 1.0333818533957548e+00
 9.1458809180677669e-01 8.6504367623868361e-01
 4.5738567796130108e-01 1.0211577923253765e+00
 9.1117743716564736e-01 8.6568319512142244e-01
 4.6732884487350329e-01 1.0089337312549982e+00
 9.0768518203412540e-01 8.6633801460182880e-01
 4.7727201178570544e-01 9.9670967018462009e-01
 9.0419292690260367e-01 8.6699283408223504e-01
 4.8721517869790765e-01 9.8448560911424177e-01
 9.0070067177108171e-01 8.6764765356264140e-01
 4.9715834561010985e-01 9.7588524994205605e-01
 8.9720841663955997e-01 8.6830247304304764e-01
 5.0710151252231206e-01 9.7230910448276986e-01
 8.9371616150803801e-01 8.6895729252345399e-01
 5.1704467943451426e-01 9.6873295902348355e-01
 8.9022390637651616e-01 8.6961211200386035e-01
 5.2698784634671647e-01 9.6515681356419736e-01
 8.8668267407754642e-01 8.7027611500669910e-01
 5.3693101325891868e-01 9.6158066810491116e-01
 8.8294543615264787e-01 8.7095428538260877e-01
 5.4687418017112088e-01 9.5800452264562497e-01
 8.7920819822774932e-01 8.7140059177132623e-01
 5.5681734708332309e-01 9.5442837718633877e-01
 8.7547096030285076e-01 8.7184689816004368e-01
 5.6676051399552518e-01 9.5085223172705258e-01
 8.7173372237795244e-01 8.7229320454876114e-01
 5.7670368090772739e-01 9.4727608626776627e-01
 8.6799648445305388e-01 8.7273951093747859e-01
 5.8664684781992960e-01 9.4369994080848008e-01
 8.6425924652815533e-01 8.7318581732619616e-01
 5.9659001473213191e-01 9.4012379534919388e-01
 8.6052200860325678e-01 8.7363212371491361e-01
 6.0653318164433412e-01 9.3654764988990769e-01
 8.5666605934865936e-01 8.7409260678328660e-01
 6.1647634855653632e-01 9.3297027040659186e-01
 8.5274814887708672e-01 8.7456048935031194e-01
 6.2641951546873853e-01 9.2934223717501352e-01
 8.4883023840551419e-01 8.7502837191733729e-01
 6.3636268238094063e-01 9.2571420394343529e-01
 8.4491232793394155e-01 8.7549625448436252e-01
 6.4630584929314272e-01 9.2208617071185706e-01
 8.4099441746236903e-01 8.7596413705138787e-01
 6.5624901620534504e-01 9.1845813748027882e-01
 8.3707650699079639e-01 8.7643201961841322e-01
 6.6619218311754724e-01 9.1483010424870048e-01
 8.3315859651922386e-01 8.7689990218543856e-01
 6.7613535002974956e-01 9.1120207101712225e-01
 8.2922648283432154e-01 8.7736948092085798e-01
 6.8607851694195165e-01 9.0757403778554402e-01
 8.2518418348079681e-01 8.7785221818908676e-01
 6.9602168385415386e-01 9.0394600455396568e-01
 8.2114188412727218e-01 8.7833495545731555e-01
 7.0596485076635596e-01 9.0031797132238744e-01
 8.1709958477374744e-01 8.7881769272554433e-01
 7.1590801767855816e-01 8.9668993809080921e-01
 8.1305728542022271e-01 8.7930042999377311e-01
 7.2585118459076048e-01 8.9306190485923087e-01
 8.0901498606669797e-01 8.7978316726200201e-01
 7.3579435150296257e-01 8.8943387162765264e-01
 8.0497268671317324e-01 8.8026590453023079e-01
 7.4573751841516478e-01 8.8733985448456065e-01
 8.0093038735964839e-01 8.8074864179845958e-01
 7.5568068532736699e-01 8.8615242702979924e-01
 7.9684479234929739e-01 8.8123654949699914e-01
 7.6562385223956919e-01 8.8496499957503783e-01
 7.9272671060023625e-01 8.8172833680912666e-01
 7.7556701915177140e-01 8.8377757212027641e-01
 7.8860862885117489e-01 8.8222012412125417e-01
 7.8551018606397349e-01 8.8259014466551511e-01
 7.8449054710211374e-01 8.8271191143338168e-01
 7.9545335297617592e-01 8.8140271721075369e-01
 7.8037246535305238e-01 8.8320369874550919e-01
 8.0539651988837802e-01 8.8021528975599228e-01
 7.7625438360399124e-01 8.8369548605763670e-01
 8.1533968680058022e-01 8.7902786230123087e-01
 7.7213630185493010e-01 8.8418727336976422e-01
 8.2528285371278232e-01 8.7784043484646945e-01
 7.6801724487085299e-01 8.8467917714587574e-01
 8.3522602062498463e-01 8.7665300739170804e-01
 7.6386488064960356e-01 8.8517505852069500e-01
 8.4516918753718684e-01 8.7546557993694663e-01
 7.5971251642835402e-01 8.8567093989551438e-01
 8.5511235444938893e-01 8.7427815248218532e-01
 7.5556015220710471e-01 8.8616682127033364e-01
 8.6505552136159114e-01 8.7309072502742391e-01
 7.5140778798585528e-01 8.8666270264515290e-01
 8.7499868827379357e-01 8.7190329757266249e-01
 7.4725542376460585e-01 8.8715858401997216e-01
 8.8494185518599577e-01 8.7060252933758731e-01
 7.4310305954335631e-01 8.8765446539479154e-01
 8.9488502209819776e-01 8.6873812391878735e-01
 7.3895069532210711e-01 8.8828219426296018e-01
 9.0482818901039996e-01 8.6687371849998729e-01
 7.3479870991898777e-01 8.8979715837374651e-01
 9.1477135592260217e-01 8.6500931308118723e-01
 7.3064712583536129e-01 8.9131197605226742e-01
 9.2471452283480438e-01 8.6314490766238727e-01
 7.2649554175173459e-01 8.9282679373078844e-01
 9.3465768974700658e-01 8.6128050224358721e-01
 7.2234395766810811e-01 8.9434161140930946e-01
 9.4460085665920868e-01 8.5941609682478715e-01
 7.1819237358448151e-01 8.9585642908783036e-01
 9.5454402357141088e-01 8.5755169140598719e-01
 7.1404078950085492e-01 8.9737124676635138e-01
 9.6448719048361309e-01 8.5568728598718713e-01
 7.0988920541722833e-01 8.9888606444487229e-01
 9.7443035739581529e-01 8.5382288056838707e-01
 7.0573762133360174e-01 9.0040088212339331e-01
 9.8437352430801750e-01 8.5195847514958711e-01
 7.0161441208175501e-01 9.0190534647751097e-01
 9.9431669122021971e-01 8.5009406973078705e-01
 6.9749292720939882e-01 9.0340918164515815e-01
 1.0042598581324218e+00 8.4822966431198699e-01
 6.9337144233704240e-01 9.0491301681280545e-01
 1.0142030250446241e+00 8.4651321738645868e-01
 6.8924995746468598e-01 9.0641685198045263e-01
 1.0241461919568262e+00 8.4484042382230395e-01
 6.8512847259232967e-01 9.0792068714809993e-01
 1.0340893588690285e+00 8.4316763025814911e-01
 6.8100698771997314e-01 9.0942452231574722e-01
 1.0440325257812308e+00 8.4149483669399427e-01
 6.7688550284761684e-01 9.1092835748339440e-01
 1.0539756926934329e+00 8.3982204312983944e-01
 6.7278574937819957e-01 9.1242426336123605e-01
 1.0639188596056353e+00 8.3814924956568460e-01
 6.6871861452314141e-01 9.1390826745588249e-01
 1.0738620265178374e+00 8.3647645600152987e-01
 6.6465147966808336e-01 9.1539227155052894e-01
 1.0838051934300397e+00 8.3480366243737503e-01
 6.6058434481302508e-01 9.1687627564517538e-01
 1.0937483603422418e+00 8.3313086887322019e-01
 6.5651720995796703e-01 9.1836027973982182e-01
 1.1036915272544439e+00 8.3145807530906546e-01
 6.5245007510290898e-01 9.1984428383446826e-01
 1.1136346941666462e+00 8.2978528174491062e-01
 6.4838294024785070e-01 9.2132828792911481e-01
 1.1235778610788483e+00 8.2811248818075578e-01
 6.4431580539279254e-01 9.2281229202376125e-01
 1.1335210279910504e+00 8.2637756369102411e-01
 6.4031222871868831e-01 9.2427310519798211e-01
 1.1434641949032527e+00 8.2453993805691095e-01
 6.3631925975095294e-01 9.2573004786378676e-01
 1.1534073618154548e+00 8.2270231242279801e-01
 6.3232629078321767e-01 9.2718699052959141e-01
 1.1633505287276571e+00 8.2086468678868485e-01
 6.2833332181548240e-01 9.2864393319539607e-01
 1.1732936956398592e+00 8.1902706115457180e-01
 6.2434035284774714e-01 9.3010087586120060e-01
 1.1832368625520615e+00 8.1718943552045875e-01
 6.2034738388001187e-01 9.3155781852700525e-01
 1.1931800294642638e+00 8.1535180988634570e-01
 6.1635441491227649e-01 9.3301476119280990e-01
 1.2031231963764659e+00 8.1351418425223265e-01
 6.1238975524778172e-01 9.3444128284569739e-01
 1.2130663632886682e+00 8.1167655861811960e-01
 6.0848691321839976e-01 9.3584497353347584e-01
 1.2230095302008701e+00 8.0983893298400655e-01
 6.0458407118901802e-01 9.3724866422125430e-01
 1.2329526971130726e+00 8.0800130734989351e-01
 6.0068122915963595e-01 9.3865235490903287e-01
 1.2428958640252747e+00 8.0616368171578046e-01
 5.9677838713025411e-01 9.4005604559681133e-01
 1.2528390309374771e+00 8.0432605608166730e-01
 5.9287554510087226e-01 9.4145973628458979e-01
 1.2627821978496792e+00 8.0241409085129256e-01
 5.8897270307149041e-01 9.4286342697236836e-01
 1.2727253647618813e+00 8.0050073916815145e-01
 5.8506986104210845e-01 9.4426711766014682e-01
 1.2826685316740836e+00 7.9858738748501035e-01
 5.8124626829712656e-01 9.4564230566150143e-01
 1.2926116985862854e+00 7.9667403580186935e-01
 5.7744618242706591e-01 9.4700903921320700e-01
 1.3025548654984878e+00 7.9476068411872824e-01
 5.7364609655700505e-01 9.4837577276491258e-01
 1.3124980324106901e+00 7.9284733243558714e-01
 5.6984601068694429e-01 9.4974250631661816e-01
 1.3224411993228922e+00 7.9093398075244614e-01
 5.6604592481688365e-01 9.5110923986832374e-01
 1.3323843662350945e+00 7.8902062906930504e-01
 5.6224583894682290e-01 9.5247597342002932e-01
 1.3423275331472966e+00 7.8710727738616393e-01
 5.5844575307676214e-01 9.5384270697173490e-01
 1.3522707000594991e+00 7.8519392570302282e-01
 5.5467136312142518e-01 9.5520019876680762e-01
 1.3622138669717010e+00 7.8328057401988183e-01
 5.5098379707448852e-01 9.5652646359681737e-01
 1.3721570338839033e+00 7.8136722233674072e-01
 5.4729623102755154e-01 9.5785272842682734e-01
 1.3821002007961056e+00 7.7940873146126266e-01
 5.4360866498061455e-01 9.5917899325683720e-01
 1.3920433677083077e+00 7.7741840924674066e-01
 5.3992109893367768e-01 9.6050525808684706e-01
 1.4019865346205100e+00 7.7542808703221855e-01
 5.3623353288674069e-01 9.6183152291685692e-01
 1.4119297015327119e+00 7.7343776481769644e-01
 5.3254596683980393e-01 9.6315778774686667e-01
 1.4218728684449145e+00 7.7144744260317433e-01
 5.2885840079286695e-01 9.6448405257687653e-01
 1.4318160353571163e+00 7.6945712038865233e-01
 5.2525297835995677e-01 9.6578077374993032e-01
 1.4417592022693186e+00 7.6746679817413022e-01
 5.2168524262818772e-01 9.6706394057693412e-01
 1.4517023691815210e+00 7.6547647595960810e-01
 5.1811750689641867e-01 9.6834710740393781e-01
 1.4616455360937228e+00 7.6348615374508610e-01
 5.1454977116464962e-01 9.6963027423094161e-01
 1.4715887030059251e+00 7.6149583153056399e-01
 5.1098203543288045e-01 9.7091344105794541e-01
 1.4815318699181272e+00 7.5950550931604188e-01
 5.0741429970111152e-01 9.7219660788494910e-01
 1.4914750368303296e+00 7.5751518710151977e-01
 5.0384656396934246e-01 9.7347977471195279e-01
 1.5014182037425319e+00 7.5550437117487523e-01
 5.0029666427055430e-01 9.7475652665636237e-01
 1.5113613706547340e+00 7.5340686664364542e-01
 4.9685397873267712e-01 9.7599471810610272e-01
 1.5213045375669365e+00 7.5130936211241550e-01
 4.9341129319479965e-01 9.7723290955584319e-01
 1.5312477044791384e+00 7.4921185758118580e-01
 4.8996860765692246e-01 9.8110056247415778e-01
 1.5411908713913407e+00 7.4711435304995599e-01
 4.8652592211904516e-01 9.8533297641558271e-01
 1.5511340383035428e+00 7.4501684851872618e-01
 4.8308323658116792e-01 9.8956539035700763e-01
 1.5610772052157451e+00 7.4291934398749637e-01
 4.7964055104329056e-01 9.9379780429843267e-01
 1.5710203721279470e+00 7.4082183945626667e-01
 4.7619786550541338e-01 9.9803021823985749e-01
 1.5809635390401493e+00 7.3872433492503686e-01
 4.7283224751097969e-01 1.0021678858729970e+00
 1.5909067059523518e+00 7.3662683039380694e-01
 4.6951805873363556e-01 1.0062423267800784e+00
 1.6008498728645537e+00 7.3452932586257724e-01
 4.6620386995629171e-01 1.0103167676871598e+00
 1.6107930397767560e+00 7.3243182133134743e-01
 4.6288968117894769e-01 1.0143912085942413e+00
 1.6207362066889581e+00 7.3033431680011762e-01
 4.5957549240160378e-01 1.0184656495013227e+00
 1.6306793736011604e+00 7.2815906550633369e-01
 4.5626130362425976e-01 1.0225400904084041e+00
 1.6406225405133625e+00 7.2596388434526948e-01
 4.5294711484691580e-01 1.0266145313154855e+00
 1.6505657074255646e+00 7.2376870318420528e-01
 4.4964034771621886e-01 1.0306798481011821e+00
 1.6605088743377669e+00 7.2157352202314107e-01
 4.4645660564690709e-01 1.0345939187218653e+00
 1.6704520412499693e+00 7.1937834086207675e-01
 4.4327286357759527e-01 1.0385079893425484e+00
 1.6803952081621716e+00 7.1718315970101254e-01
 4.4008912150828350e-01 1.0424220599632317e+00
 1.6903383750743737e+00 7.1498797853994833e-01
 4.3690537943897179e-01 1.0463361305839147e+00
 1.7002815419865758e+00 7.1279279737888412e-01
 4.3372163736966007e-01 1.0502502012045978e+00
 1.7102247088987779e+00 7.1059761621781992e-01
 4.3053789530034836e-01 1.0541642718252808e+00
 1.7201678758109800e+00 7.0840243505675571e-01
 4.2735415323103659e-01 1.0580783424459641e+00
 1.7301110427231823e+00 7.0620725389569150e-01
 4.2423782079401573e-01 1.0619095401279617e+00
 1.7400542096353848e+00 7.0401207273462718e-01
 4.2118521932783726e-01 1.0656623873923778e+00
 1.7499973765475871e+00 8.4950999999999999e-01
 4.1813261786165890e-01 1.0694152346567940e+00
 1.7599405434597892e+00 8.4950999999999999e-01
 4.1508001639548053e-01 1.0731680819212099e+00
 1.7698837103719915e+00 8.4950999999999999e-01
 4.1202741492930206e-01 1.0769209291856263e+00
 1.7798268772841936e+00 1.0694152346567940e+00
 4.0897481346312375e-01 8.4950999999999999e-01
 1.7897700441963955e+00 1.0731680819212099e+00
 4.0592221199694545e-01 8.4950999999999999e-01
 1.7997132111085981e+00 1.0769209291856263e+00
 4.0286961053076698e-01 1.0769209291856263e+00
