 0.0000000000000000e+00 9.3411390549537954e-01
 6.1329999999999996e-01 4.5000000000000001e-01
 9.9431669122021973e-03 9.3411390549537954e-01
 6.1329999999999996e-01 4.5000000000000001e-01
 1.9886333824404395e-02 9.3417332038380196e-01
 6.1329999999999996e-01 4.5000000000000001e-01
 2.9829500736606590e-02 9.3430329366717291e-01
 6.1329999999999996e-01 4.5000000000000001e-01
 3.9772667648808789e-02 9.3443326695054385e-01
 6.1329999999999996e-01 4.5000000000000001e-01
 4.9715834561010995e-02 9.3456324023391490e-01
 6.1329999999999996e-01 4.5000000000000001e-01
 5.9659001473213180e-02 9.3469321351728585e-01
 6.1329999999999996e-01 9.3411390549537954e-01
 6.9602168385415386e-02 4.5000000000000001e-01
 6.1329999999999996e-01 9.3411390549537954e-01
 7.9545335297617578e-02 4.5000000000000001e-01
 6.1313480197900805e-01 9.3417332038380196e-01
 8.9488502209819770e-02 4.5000000000000001e-01
 6.1277342236920251e-01 9.3430329366717291e-01
 9.9431669122021990e-02 4.5000000000000001e-01
 6.1241204275939698e-01 9.3443326695054385e-01
 1.0937483603422420e-01 4.5000000000000001e-01
 6.1205066314959145e-01 9.3456324023391490e-01
 1.1931800294642636e-01 4.5000000000000001e-01
 6.1168928353978602e-01 9.3469321351728585e-01
 1.2926116985862857e-01 1.6178788809454920e+00
 6.1132790392998060e-01 9.3482318680065679e-01
 1.3920433677083077e-01 1.5881555963068781e+00
 6.1096652432017506e-01 9.3495316008402773e-01
 1.4914750368303298e-01 1.5584323116682641e+00
 6.1060514471036964e-01 9.3508313336739868e-01
 1.5909067059523516e-01 1.5287090270296502e+00
 6.1007325493954456e-01 9.3527443209602035e-01
 1.6903383750743739e-01 1.4989857423910360e+00
 6.0952537522796080e-01 9.3547148174429795e-01
 1.7897700441963954e-01 1.4692624577524223e+00
 6.0897749551637692e-01 9.3566853139257566e-01
 1.8892017133184175e-01 1.4395391731138083e+00
 6.0842961580479327e-01 9.3586558104085327e-01
 1.9886333824404398e-01 1.4098158884751943e+00
 6.0788173609320939e-01 9.3606263068913098e-01
 2.0880650515624616e-01 1.3800926038365804e+00
 6.0733385638162574e-01 9.3625968033740858e-01
 2.1874967206844839e-01 1.3503693191979664e+00
 6.0678597667004197e-01 9.3645672998568619e-01
 2.2869283898065054e-01 1.3206460345593525e+00
 6.0618293041480131e-01 9.3667362075564520e-01
 2.3863600589285272e-01 1.2909227499207385e+00
 6.0548651182718671e-01 9.3692409368764473e-01
 2.4857917280505493e-01 1.2650854698305813e+00
 6.0479009323957200e-01 9.3717456661964438e-01
 2.5852233971725713e-01 1.2539099798746016e+00
 6.0409367465195740e-01 9.3742503955164391e-01
 2.6846550662945934e-01 1.2427344899186219e+00
 6.0339725606434280e-01 9.3767551248364356e-01
 2.7840867354166154e-01 1.2315589999626422e+00
 6.0270083747672809e-01 9.3792598541564320e-01
 2.8835184045386369e-01 1.2203835100066625e+00
 6.0200441888911338e-01 9.3817645834764274e-01
 2.9829500736606596e-01 1.2092080200506827e+00
 6.0130800030149867e-01 9.3842693127964238e-01
 3.0823817427826816e-01 1.1980325300947030e+00
 6.0051533104738741e-01 9.3871202159129419e-01
 3.1818134119047031e-01 1.1868570401387233e+00
 5.9970274152067160e-01 9.3900427640023865e-01
 3.2812450810267252e-01 1.1756815501827436e+00
 5.9889015199395568e-01 9.3929653120918311e-01
 3.3806767501487478e-01 1.1645060602267638e+00
 5.9807756246723986e-01 9.3958878601812756e-01
 3.4801084192707693e-01 1.1533305702707841e+00
 5.9726497294052394e-01 9.3988104082707202e-01
 3.5795400883927908e-01 1.1421550803148046e+00
 5.9645238341380802e-01 9.4017329563601648e-01
 3.6789717575148129e-01 1.1309795903588249e+00
 5.9563979388709221e-01 9.4046555044496094e-01
 3.7784034266368349e-01 1.1189502808884029e+00
 5.9480162725044194e-01 9.4076700428137428e-01
 3.8778350957588570e-01 1.1067262198180245e+00
 5.9389950012093573e-01 9.4109146205889826e-01
 3.9772667648808796e-01 1.0945021587476462e+00
 5.9299737299142952e-01 9.4141591983642214e-01
 4.0766984340029011e-01 1.0822780976772679e+00
 5.9209524586192330e-01 9.4174037761394613e-01
 4.1761301031249232e-01 1.0700540366068896e+00
 5.9119311873241709e-01 9.4206483539147001e-01
 4.2755617722469447e-01 1.0578299755365115e+00
 5.9029099160291088e-01 9.4238929316899400e-01
 4.3749934413689678e-01 1.0456059144661329e+00
 5.8938886447340477e-01 9.4271375094651788e-01
 4.4744251104909888e-01 1.0333818533957548e+00
 5.8848673734389856e-01 9.4303820872404176e-01
 4.5738567796130108e-01 1.0211577923253765e+00
 5.8753407108773692e-01 9.4338084333294159e-01
 4.6732884487350329e-01 1.0089337312549982e+00
 5.8656390430438088e-01 9.4372977215689513e-01
 4.7727201178570544e-01 9.9670967018462009e-01
 5.8559373752102506e-01 9.4407870098084867e-01
 4.8721517869790765e-01 9.8448560911424177e-01
 5.8462357073766902e-01 9.4442762980480222e-01
 4.9715834561010985e-01 9.7588524994205605e-01
 5.8365340395431309e-01 9.4477655862875576e-01
 5.0710151252231206e-01 9.7230910448276986e-01
 5.8268323717095716e-01 9.4512548745270941e-01
 5.1704467943451426e-01 9.6873295902348355e-01
 5.8171307038760123e-01 9.4547441627666295e-01
 5.2698784634671647e-01 9.6515681356419736e-01
 5.8073272799681197e-01 9.4582700484530746e-01
 5.3693101325891868e-01 9.6158066810491116e-01
 5.7971166303246235e-01 9.4619423963761629e-01
 5.4687418017112088e-01 9.5800452264562497e-01
 5.7869059806811274e-01 9.4656147442992522e-01
 5.5681734708332309e-01 9.5442837718633877e-01
 5.7766953310376312e-01 9.4692870922223404e-01
 5.6676051399552518e-01 9.5085223172705258e-01
 5.7664846813941362e-01 9.4729594401454287e-01
 5.7670368090772739e-01 9.4727608626776627e-01
 5.7562740317506400e-01 9.4766317880685180e-01
 5.8664684781992960e-01 9.4369994080848008e-01
 5.7460633821071438e-01 9.4803041359916074e-01
 5.9659001473213191e-01 9.4012379534919388e-01
 5.7358527324636477e-01 9.4839764839146956e-01
 6.0653318164433412e-01 9.3654764988990769e-01
 5.7253967245467940e-01 9.4877370770500913e-01
 6.1647634855653632e-01 9.3297027040659186e-01
 5.7148126522130815e-01 9.4915437296539518e-01
 6.2641951546873853e-01 9.2934223717501352e-01
 5.7042285798793702e-01 9.4953503822578134e-01
 6.3636268238094063e-01 9.2571420394343529e-01
 5.6936445075456588e-01 9.4991570348616738e-01
 6.4630584929314272e-01 9.2208617071185706e-01
 5.6830604352119463e-01 9.5029636874655354e-01
 6.5624901620534504e-01 9.1845813748027882e-01
 5.6724763628782338e-01 9.5067703400693970e-01
 6.6619218311754724e-01 9.1483010424870048e-01
 5.6618922905445224e-01 9.5105769926732575e-01
 6.7613535002974956e-01 9.1120207101712225e-01
 5.6512777473983855e-01 9.5143946043667593e-01
 6.8607851694195165e-01 9.0757403778554402e-01
 5.6404268178259875e-01 9.5182972344706296e-01
 6.9602168385415386e-01 9.0394600455396568e-01
 5.6295758882535885e-01 9.5221998645744999e-01
 7.0596485076635596e-01 9.0031797132238744e-01
 5.6187249586811883e-01 9.5261024946783701e-01
 7.1590801767855816e-01 8.9668993809080921e-01
 5.6078740291087903e-01 9.5300051247822404e-01
 7.2585118459076048e-01 8.9306190485923087e-01
 5.5970230995363901e-01 9.5339077548861118e-01
 7.3579435150296257e-01 8.8943387162765264e-01
 5.5861721699639910e-01 9.5378103849899820e-01
 7.4573751841516478e-01 8.8733985448456065e-01
 5.5753212403915908e-01 9.5417130150938534e-01
 7.5568068532736699e-01 8.8615242702979924e-01
 5.5643654754561878e-01 9.5456533501372753e-01
 7.6562385223956919e-01 8.8496499957503783e-01
 5.5533310476872566e-01 9.5496219769450241e-01
 7.7556701915177140e-01 8.8377757212027641e-01
 5.5422966199183232e-01 9.5535906037527729e-01
 7.8551018606397349e-01 8.8259014466551511e-01
 5.5312621921493910e-01 9.5575592305605228e-01
 7.9545335297617592e-01 8.8140271721075369e-01
 5.5202277643804565e-01 9.5615278573682727e-01
 8.0539651988837802e-01 8.8021528975599228e-01
 5.5091933366115242e-01 9.5654964841760215e-01
 8.1533968680058022e-01 8.7902786230123087e-01
 5.4981589088425908e-01 9.5694651109837703e-01
 8.2528285371278232e-01 8.7784043484646945e-01
 5.4871211069430059e-01 9.5734349513266159e-01
 8.3522602062498463e-01 8.7665300739170804e-01
 5.4759680682357814e-01 9.5774462375779945e-01
 8.4516918753718684e-01 8.7546557993694663e-01
 5.4648150295285580e-01 9.5814575238293731e-01
 8.5511235444938893e-01 8.7427815248218532e-01
 5.4536619908213346e-01 9.5854688100807528e-01
 8.6505552136159114e-01 8.7309072502742391e-01
 5.4425089521141112e-01 9.5894800963321314e-01
 8.7499868827379357e-01 8.7190329757266249e-01
 5.4313559134068867e-01 9.5934913825835100e-01
 8.8494185518599577e-01 8.7060252933758731e-01
 5.4202028746996633e-01 9.5975026688348886e-01
 8.9488502209819776e-01 8.6873812391878735e-01
 5.4090498359924388e-01 9.6015139550862683e-01
 9.0482818901039996e-01 8.6687371849998729e-01
 5.3978635882085690e-01 9.6055371852675542e-01
 9.1477135592260217e-01 8.6500931308118723e-01
 5.3866421587669733e-01 9.6095730688344905e-01
 9.2471452283480438e-01 8.6314490766238727e-01
 5.3754207293253775e-01 9.6136089524014268e-01
 9.3465768974700658e-01 8.6128050224358721e-01
 5.3641992998837829e-01 9.6176448359683631e-01
 9.4460085665920868e-01 8.5941609682478715e-01
 5.3529778704421871e-01 9.6216807195352994e-01
 9.5454402357141088e-01 8.5755169140598719e-01
 5.3417564410005913e-01 9.6257166031022356e-01
 9.6448719048361309e-01 8.5568728598718713e-01
 5.3305350115589967e-01 9.6297524866691719e-01
 9.7443035739581529e-01 8.5382288056838707e-01
 5.3193135821174020e-01 9.6337883702361082e-01
 9.8437352430801750e-01 8.5195847514958711e-01
 5.3080640482853780e-01 9.6378343617886697e-01
 9.9431669122021971e-01 8.5009406973078705e-01
 5.2968128065089770e-01 9.6418809676181094e-01
 1.0042598581324218e+00 8.4822966431198699e-01
 5.2855615647325749e-01 9.6459275734475491e-01
 1.0142030250446241e+00 8.4651321738645868e-01
 5.2743103229561727e-01 9.6499741792769889e-01
 1.0241461919568262e+00 8.4484042382230395e-01
 5.2630590811797706e-01 9.6540207851064286e-01
 1.0340893588690285e+00 8.4316763025814911e-01
 5.2518078394033685e-01 9.6580673909358694e-01
 1.0440325257812308e+00 8.4149483669399427e-01
 5.2405565976269664e-01 9.6621139967653091e-01
 1.0539756926934329e+00 8.3982204312983944e-01
 5.2293051619369424e-01 9.6661606723374505e-01
 1.0639188596056353e+00 8.3814924956568460e-01
 5.2180534351845487e-01 9.6702074525926740e-01
 1.0738620265178374e+00 8.3647645600152987e-01
 5.2068017084321550e-01 9.6742542328478986e-01
 1.0838051934300397e+00 8.3480366243737503e-01
 5.1955499816797612e-01 9.6783010131031233e-01
 1.0937483603422418e+00 8.3313086887322019e-01
 5.1842982549273664e-01 9.6823477933583491e-01
 1.1036915272544439e+00 8.3145807530906546e-01
 5.1730465281749727e-01 9.6863945736135737e-01
 1.1136346941666462e+00 8.2978528174491062e-01
 5.1617948014225790e-01 9.6904413538687972e-01
 1.1235778610788483e+00 8.2811248818075578e-01
 5.1505430746701841e-01 9.6944881341240230e-01
 1.1335210279910504e+00 8.2637756369102411e-01
 5.1393097508281715e-01 9.6985282956143226e-01
 1.1434641949032527e+00 8.2453993805691095e-01
 5.1280794983873013e-01 9.7025673524487976e-01
 1.1534073618154548e+00 8.2270231242279801e-01
 5.1168492459464321e-01 9.7066064092832727e-01
 1.1633505287276571e+00 8.2086468678868485e-01
 5.1056189935055618e-01 9.7106454661177477e-01
 1.1732936956398592e+00 8.1902706115457180e-01
 5.0943887410646915e-01 9.7146845229522227e-01
 1.1832368625520615e+00 8.1718943552045875e-01
 5.0831584886238224e-01 9.7187235797866967e-01
 1.1931800294642638e+00 8.1535180988634570e-01
 5.0719282361829521e-01 9.7227626366211717e-01
 1.2031231963764659e+00 8.1351418425223265e-01
 5.0607097771018772e-01 9.7267974518724121e-01
 1.2130663632886682e+00 8.1167655861811960e-01
 5.0495170706013714e-01 9.7308230049866595e-01
 1.2230095302008701e+00 8.0983893298400655e-01
 5.0383243641008657e-01 9.7348485581009081e-01
 1.2329526971130726e+00 8.0800130734989351e-01
 5.0271316576003588e-01 9.7388741112151567e-01
 1.2428958640252747e+00 8.0616368171578046e-01
 5.0159389510998531e-01 9.7428996643294052e-01
 1.2528390309374771e+00 8.0432605608166730e-01
 5.0047462445993474e-01 9.7469252174436538e-01
 1.2627821978496792e+00 8.0241409085129256e-01
 4.9935535380988416e-01 9.7509507705579024e-01
 1.2727253647618813e+00 8.0050073916815145e-01
 4.9823608315983353e-01 9.7549763236721510e-01
 1.2826685316740836e+00 7.9858738748501035e-01
 4.9712058329174869e-01 9.7589883148448930e-01
 1.2926116985862854e+00 7.9667403580186935e-01
 4.9600620191073541e-01 9.7629962832827288e-01
 1.3025548654984878e+00 7.9476068411872824e-01
 4.9489182052972197e-01 9.7670042517205646e-01
 1.3124980324106901e+00 7.9284733243558714e-01
 4.9377743914870864e-01 9.7710122201584004e-01
 1.3224411993228922e+00 7.9093398075244614e-01
 4.9266305776769526e-01 9.7778802402478759e-01
 1.3323843662350945e+00 7.8902062906930504e-01
 4.9154867638668193e-01 9.7915803683634794e-01
 1.3423275331472966e+00 7.8710727738616393e-01
 4.9043429500566854e-01 9.8052804964790830e-01
 1.3522707000594991e+00 7.8519392570302282e-01
 4.8932118638656580e-01 9.8189649773472243e-01
 1.3622138669717010e+00 7.8328057401988183e-01
 4.8821237830179837e-01 9.8325965877417887e-01
 1.3721570338839033e+00 7.8136722233674072e-01
 4.8710357021703088e-01 9.8462281981363531e-01
 1.3821002007961056e+00 7.7940873146126266e-01
 4.8599476213226345e-01 9.8598598085309175e-01
 1.3920433677083077e+00 7.7741840924674066e-01
 4.8488595404749590e-01 9.8734914189254830e-01
 1.4019865346205100e+00 7.7542808703221855e-01
 4.8377714596272847e-01 9.8871230293200474e-01
 1.4119297015327119e+00 7.7343776481769644e-01
 4.8266833787796104e-01 9.9007546397146118e-01
 1.4218728684449145e+00 7.7144744260317433e-01
 4.8155952979319350e-01 9.9143862501091773e-01
 1.4318160353571163e+00 7.6945712038865233e-01
 4.8045494389677451e-01 9.9279659532103426e-01
 1.4417592022693186e+00 7.6746679817413022e-01
 4.7935229509981636e-01 9.9415218417438589e-01
 1.4517023691815210e+00 7.6547647595960810e-01
 4.7824964630285832e-01 9.9550777302773730e-01
 1.4616455360937228e+00 7.6348615374508610e-01
 4.7714699750590017e-01 9.9686336188108893e-01
 1.4715887030059251e+00 7.6149583153056399e-01
 4.7604434870894208e-01 9.9821895073444045e-01
 1.4815318699181272e+00 7.5950550931604188e-01
 4.7494169991198398e-01 9.9957453958779197e-01
 1.4914750368303296e+00 7.5751518710151977e-01
 4.7383905111502583e-01 1.0009301284411436e+00
 1.5014182037425319e+00 7.5550437117487523e-01
 4.7273729745846993e-01 1.0022846168150361e+00
 1.5113613706547340e+00 7.5340686664364542e-01
 4.7164092457953544e-01 1.0036324900978988e+00
 1.5213045375669365e+00 7.5130936211241550e-01
 4.7054455170060094e-01 1.0049803633807615e+00
 1.5312477044791384e+00 7.4921185758118580e-01
 4.6944817882166656e-01 1.0063282366636241e+00
 1.5411908713913407e+00 7.4711435304995599e-01
 4.6835180594273196e-01 1.0076761099464870e+00
 1.5511340383035428e+00 7.4501684851872618e-01
 4.6725543306379752e-01 1.0090239832293495e+00
 1.5610772052157451e+00 7.4291934398749637e-01
 4.6615906018486308e-01 1.0103718565122122e+00
 1.5710203721279470e+00 7.4082183945626667e-01
 4.6506268730592865e-01 1.0117197297950749e+00
 1.5809635390401493e+00 7.3872433492503686e-01
 4.6397006616361980e-01 1.0130629907187125e+00
 1.5909067059523518e+00 7.3662683039380694e-01
 4.6287994865473114e-01 1.0144031736926291e+00
 1.6008498728645537e+00 7.3452932586257724e-01
 4.6178983114584260e-01 1.0157433566665455e+00
 1.6107930397767560e+00 7.3243182133134743e-01
 4.6069971363695394e-01 1.0170835396404621e+00
 1.6207362066889581e+00 7.3033431680011762e-01
 4.5960959612806540e-01 1.0184237226143784e+00
 1.6306793736011604e+00 7.2815906550633369e-01
 4.5851947861917675e-01 1.0197639055882950e+00
 1.6406225405133625e+00 7.2596388434526948e-01
 4.5742936111028820e-01 1.0211040885622114e+00
 1.6505657074255646e+00 7.2376870318420528e-01
 4.5633958825543763e-01 1.0224438478208220e+00
 1.6605088743377669e+00 7.2157352202314107e-01
 4.5525552856455270e-01 1.0237765833549153e+00
 1.6704520412499693e+00 7.1937834086207675e-01
 4.5417146887366772e-01 1.0251093188890088e+00
 1.6803952081621716e+00 7.1718315970101254e-01
 4.5308740918278279e-01 1.0264420544231021e+00
 1.6903383750743737e+00 7.1498797853994833e-01
 4.5200334949189791e-01 1.0277747899571952e+00
 1.7002815419865758e+00 7.1279279737888412e-01
 4.5091928980101292e-01 1.0291075254912887e+00
 1.7102247088987779e+00 7.1059761621781992e-01
 4.4983523011012799e-01 1.0304402610253820e+00
 1.7201678758109800e+00 7.0840243505675571e-01
 4.4875117041924312e-01 1.0317729965594753e+00
 1.7301110427231823e+00 7.0620725389569150e-01
 4.4767004515745040e-01 1.0331021245266085e+00
 1.7400542096353848e+00 7.0401207273462718e-01
 4.4659169418782585e-01 1.0344278417980159e+00
 1.7499973765475871e+00 4.5000000000000001e-01
 4.4551334321820130e-01 1.0357535590694231e+00
 1.7599405434597892e+00 4.5000000000000001e-01
 4.4443499224857674e-01 1.0370792763408305e+00
 1.7698837103719915e+00 4.5000000000000001e-01
 4.4335664127895219e-01 1.0384049936122379e+00
 1.7798268772841936e+00 1.0357535590694231e+00
 4.4227829030932764e-01 4.5000000000000001e-01
 1.7897700441963955e+00 1.0370792763408305e+00
 4.4119993933970314e-01 4.5000000000000001e-01
 1.7997132111085981e+00 1.0384049936122379e+00
 4.4012158837007859e-01 1.0384049936122379e+00
