   0.0000000000000000e+00   1.6419272965039131e+00
   1.9886333824404398e-01   1.2650862211104230e+00
   3.9772667648808796e-01   1.3781385437284701e+00
   5.9659001473213191e-01   1.1317868556312343e+00
   7.9545335297617592e-01   1.0226416532504989e+00
   9.9431669122021971e-01   8.8796488577796817e-01
   1.1931800294642638e+00   8.5687086327660167e-01
   1.3920433677083077e+00   8.3584774134365047e-01
   1.5909067059523518e+00   8.1962473168096950e-01
   1.7897700441963955e+00   8.1080463052049101e-01
