 0.0000000000000000e+00 4.5000000000000001e-01
 6.1329999999999996e-01 1.1242095420259528e+00
 9.9431669122021973e-03 4.5000000000000001e-01
 6.1329999999999996e-01 1.1243953411317333e+00
 1.9886333824404395e-02 4.5000000000000001e-01
 6.1329999999999996e-01 1.1245811402375137e+00
 2.9829500736606590e-02 4.5000000000000001e-01
 6.1329999999999996e-01 1.1248546051511710e+00
 3.9772667648808789e-02 4.5000000000000001e-01
 6.1329999999999996e-01 1.1251362911061209e+00
 4.9715834561010995e-02 4.5000000000000001e-01
 6.1329999999999996e-01 1.1254179770610708e+00
 5.9659001473213180e-02 4.5000000000000001e-01
 6.1329999999999996e-01 1.1256996630160208e+00
 6.9602168385415386e-02 4.5000000000000001e-01
 6.1329999999999996e-01 1.1259813489709707e+00
 7.9545335297617578e-02 4.5000000000000001e-01
 6.1313480197900805e-01 1.1262630349259204e+00
 8.9488502209819770e-02 4.5000000000000001e-01
 6.1277342236920251e-01 1.1265447208808703e+00
 9.9431669122021990e-02 4.5000000000000001e-01
 6.1241204275939698e-01 1.1268547700699438e+00
 1.0937483603422420e-01 4.5000000000000001e-01
 6.1205066314959145e-01 1.1272128255531995e+00
 1.1931800294642636e-01 4.5000000000000001e-01
 6.1168928353978602e-01 1.1275708810364551e+00
 1.2926116985862857e-01 4.5000000000000001e-01
 6.1132790392998060e-01 1.1242095420259528e+00
 1.3920433677083077e-01 4.5000000000000001e-01
 6.1096652432017506e-01 1.1243953411317333e+00
 1.4914750368303298e-01 4.5000000000000001e-01
 6.1060514471036964e-01 1.1245811402375137e+00
 1.5909067059523516e-01 4.5000000000000001e-01
 6.1007325493954456e-01 1.1248546051511710e+00
 1.6903383750743739e-01 4.5000000000000001e-01
 6.0952537522796080e-01 1.1251362911061209e+00
 1.7897700441963954e-01 4.5000000000000001e-01
 6.0897749551637692e-01 1.1254179770610708e+00
 1.8892017133184175e-01 4.5000000000000001e-01
 6.0842961580479327e-01 1.1256996630160208e+00
 1.9886333824404398e-01 4.5000000000000001e-01
 6.0788173609320939e-01 1.1259813489709707e+00
 2.0880650515624616e-01 4.5000000000000001e-01
 6.0733385638162574e-01 1.1262630349259204e+00
 2.1874967206844839e-01 4.5000000000000001e-01
 6.0678597667004197e-01 1.1265447208808703e+00
 2.2869283898065054e-01 4.5000000000000001e-01
 6.0618293041480131e-01 1.1268547700699438e+00
 2.3863600589285272e-01 4.5000000000000001e-01
 6.0548651182718671e-01 1.1272128255531995e+00
 2.4857917280505493e-01 4.5000000000000001e-01
 6.0479009323957200e-01 1.1275708810364551e+00
 2.5852233971725713e-01 1.6419272965039131e+00
 6.0409367465195740e-01 1.1279289365197107e+00
 2.6846550662945934e-01 1.6230852427342386e+00
 6.0339725606434280e-01 1.1282869920029663e+00
 2.7840867354166154e-01 1.6042431889645641e+00
 6.0270083747672809e-01 1.1286450474862220e+00
 2.8835184045386369e-01 1.5854011351948896e+00
 6.0200441888911338e-01 1.1290031029694776e+00
 2.9829500736606596e-01 1.5665590814252150e+00
 6.0130800030149867e-01 1.1293611584527332e+00
 3.0823817427826816e-01 1.5477170276555405e+00
 6.0051533104738741e-01 1.1297687000920436e+00
 3.1818134119047031e-01 1.5288749738858660e+00
 5.9970274152067160e-01 1.1301864835068620e+00
 3.2812450810267252e-01 1.5100329201161915e+00
 5.9889015199395568e-01 1.1306042669216805e+00
 3.3806767501487478e-01 1.4911908663465170e+00
 5.9807756246723986e-01 1.1310220503364989e+00
 3.4801084192707693e-01 1.4723488125768425e+00
 5.9726497294052394e-01 1.1314398337513174e+00
 3.5795400883927908e-01 1.4535067588071682e+00
 5.9645238341380802e-01 1.1318576171661359e+00
 3.6789717575148129e-01 1.4346647050374937e+00
 5.9563979388709221e-01 1.1322754005809543e+00
 3.7784034266368349e-01 1.4158226512678191e+00
 5.9480162725044194e-01 1.1327063341681269e+00
 3.8778350957588570e-01 1.3969805974981446e+00
 5.9389950012093573e-01 1.1331701522956983e+00
 3.9772667648808796e-01 1.3781385437284701e+00
 5.9299737299142952e-01 1.1336339704232699e+00
 4.0766984340029011e-01 1.3592964899587956e+00
 5.9209524586192330e-01 1.1340977885508412e+00
 4.1761301031249232e-01 1.3404544361891211e+00
 5.9119311873241709e-01 1.1345616066784125e+00
 4.2755617722469447e-01 1.3216123824194466e+00
 5.9029099160291088e-01 1.1350254248059839e+00
 4.3749934413689678e-01 1.3027703286497720e+00
 5.8938886447340477e-01 1.1354892429335552e+00
 4.4744251104909888e-01 1.2839282748800975e+00
 5.8848673734389856e-01 1.1359530610611268e+00
 4.5738567796130108e-01 1.2650862211104230e+00
 5.8753407108773692e-01 1.1364428632904147e+00
 4.6732884487350329e-01 1.2462441673407485e+00
 5.8656390430438088e-01 1.1369416632113687e+00
 4.7727201178570544e-01 1.2274021135710742e+00
 5.8559373752102506e-01 1.1374404631323227e+00
 4.8721517869790765e-01 1.2085600598013997e+00
 5.8462357073766902e-01 1.1379392630532768e+00
 4.9715834561010985e-01 1.1897180060317252e+00
 5.8365340395431309e-01 1.1384380629742306e+00
 5.0710151252231206e-01 1.1777963238941458e+00
 5.8268323717095716e-01 1.1389368628951846e+00
 5.1704467943451426e-01 1.1726841607538223e+00
 5.8171307038760123e-01 1.1394356628161384e+00
 5.2698784634671647e-01 1.1675719976134988e+00
 5.8073272799681197e-01 1.1399396944068121e+00
 5.3693101325891868e-01 1.1624598344731751e+00
 5.7971166303246235e-01 1.1404646630330770e+00
 5.4687418017112088e-01 1.1573476713328517e+00
 5.7869059806811274e-01 1.1409896316593422e+00
 5.5681734708332309e-01 1.1522355081925282e+00
 5.7766953310376312e-01 1.1415146002856074e+00
 5.6676051399552518e-01 1.1471233450522049e+00
 5.7664846813941362e-01 1.1420395689118725e+00
 5.7670368090772739e-01 1.1420111819118814e+00
 5.7562740317506400e-01 1.1425645375381377e+00
 5.8664684781992960e-01 1.1368990187715577e+00
 5.7460633821071438e-01 1.1430895061644029e+00
 5.9659001473213191e-01 1.1317868556312343e+00
 5.7358527324636477e-01 1.1436144747906680e+00
 6.0653318164433412e-01 1.1266746924909108e+00
 5.7253967245467940e-01 1.1441520582260005e+00
 6.1647634855653632e-01 1.1215625293505873e+00
 5.7148126522130815e-01 1.1446962259437579e+00
 6.2641951546873853e-01 1.1164503662102638e+00
 5.7042285798793702e-01 1.1452403936615150e+00
 6.3636268238094063e-01 1.1113382030699404e+00
 5.6936445075456588e-01 1.1457845613792721e+00
 6.4630584929314272e-01 1.1062260399296169e+00
 5.6830604352119463e-01 1.1463287290970294e+00
 6.5624901620534504e-01 1.1011138767892934e+00
 5.6724763628782338e-01 1.1468728968147865e+00
 6.6619218311754724e-01 1.0960017136489699e+00
 5.6618922905445224e-01 1.1474170645325437e+00
 6.7613535002974956e-01 1.0908895505086464e+00
 5.6512777473983855e-01 1.1479627988715344e+00
 6.8607851694195165e-01 1.0857773873683230e+00
 5.6404268178259875e-01 1.1485206867425526e+00
 6.9602168385415386e-01 1.0806652242279995e+00
 5.6295758882535885e-01 1.1490785746135708e+00
 7.0596485076635596e-01 1.0755530610876760e+00
 5.6187249586811883e-01 1.1496364624845890e+00
 7.1590801767855816e-01 1.0704408979473525e+00
 5.6078740291087903e-01 1.1501943503556069e+00
 7.2585118459076048e-01 1.0653287348070291e+00
 5.5970230995363901e-01 1.1507522382266251e+00
 7.3579435150296257e-01 1.0602165716667056e+00
 5.5861721699639910e-01 1.1513101260976433e+00
 7.4573751841516478e-01 1.0551044085263821e+00
 5.5753212403915908e-01 1.1518680139686615e+00
 7.5568068532736699e-01 1.0495770067450052e+00
 5.5643654754561878e-01 1.1524312918274298e+00
 7.6562385223956919e-01 1.0428431683713786e+00
 5.5533310476872566e-01 1.1529986140439126e+00
 7.7556701915177140e-01 1.0361093299977522e+00
 5.5422966199183232e-01 1.1535659362603956e+00
 7.8551018606397349e-01 1.0293754916241256e+00
 5.5312621921493910e-01 1.1541332584768784e+00
 7.9545335297617592e-01 1.0226416532504989e+00
 5.5202277643804565e-01 1.1547005806933615e+00
 8.0539651988837802e-01 1.0159078148768725e+00
 5.5091933366115242e-01 1.1552679029098443e+00
 8.1533968680058022e-01 1.0091739765032459e+00
 5.4981589088425908e-01 1.1558352251263273e+00
 8.2528285371278232e-01 1.0024401381296195e+00
 5.4871211069430059e-01 1.1564027208197969e+00
 8.3522602062498463e-01 9.9570629975599279e-01
 5.4759680682357814e-01 1.1569761412791448e+00
 8.4516918753718684e-01 9.8897246138236627e-01
 5.4648150295285580e-01 1.1575495617384925e+00
 8.5511235444938893e-01 9.8223862300873976e-01
 5.4536619908213346e-01 1.1581229821978405e+00
 8.6505552136159114e-01 9.7550478463511325e-01
 5.4425089521141112e-01 1.1586964026571882e+00
 8.7499868827379357e-01 9.6877094626148652e-01
 5.4313559134068867e-01 1.1592698231165361e+00
 8.8494185518599577e-01 9.6203710788786001e-01
 5.4202028746996633e-01 1.1598432435758839e+00
 8.9488502209819776e-01 9.5530326951423361e-01
 5.4090498359924388e-01 1.1604166640352318e+00
 9.0482818901039996e-01 9.4856943114060710e-01
 5.3978635882085690e-01 1.1609917919004700e+00
 9.1477135592260217e-01 9.4183559276698048e-01
 5.3866421587669733e-01 1.1615687285895511e+00
 9.2471452283480438e-01 9.3510175439335397e-01
 5.3754207293253775e-01 1.1621456652786322e+00
 9.3465768974700658e-01 9.2836791601972735e-01
 5.3641992998837829e-01 1.1627226019677133e+00
 9.4460085665920868e-01 9.2163407764610095e-01
 5.3529778704421871e-01 1.1632995386567944e+00
 9.5454402357141088e-01 9.1490023927247432e-01
 5.3417564410005913e-01 1.1638764753458755e+00
 9.6448719048361309e-01 9.0816640089884781e-01
 5.3305350115589967e-01 1.1644534120349566e+00
 9.7443035739581529e-01 9.0143256252522130e-01
 5.3193135821174020e-01 1.1650303487240374e+00
 9.8437352430801750e-01 8.9469872415159468e-01
 5.3080640482853780e-01 1.1656087303675291e+00
 9.9431669122021971e-01 8.8796488577796817e-01
 5.2968128065089770e-01 1.1661871998229858e+00
 1.0042598581324218e+00 8.8127504492951148e-01
 5.2855615647325749e-01 1.1667656692784427e+00
 1.0142030250446241e+00 8.7999061431620040e-01
 5.2743103229561727e-01 1.1673441387338999e+00
 1.0241461919568262e+00 8.7870618370288944e-01
 5.2630590811797706e-01 1.1679226081893568e+00
 1.0340893588690285e+00 8.7742175308957837e-01
 5.2518078394033685e-01 1.1685010776448137e+00
 1.0440325257812308e+00 8.7613732247626730e-01
 5.2405565976269664e-01 1.1690795471002706e+00
 1.0539756926934329e+00 8.7485289186295623e-01
 5.2293051619369424e-01 1.1696580265255698e+00
 1.0639188596056353e+00 8.7356846124964516e-01
 5.2180534351845487e-01 1.1702365209155010e+00
 1.0738620265178374e+00 8.7228403063633420e-01
 5.2068017084321550e-01 1.1708150153054322e+00
 1.0838051934300397e+00 8.7099960002302312e-01
 5.1955499816797612e-01 1.1713935096953634e+00
 1.0937483603422418e+00 8.6971516940971205e-01
 5.1842982549273664e-01 1.1719720040852946e+00
 1.1036915272544439e+00 8.6843073879640109e-01
 5.1730465281749727e-01 1.1725504984752257e+00
 1.1136346941666462e+00 8.6714630818309002e-01
 5.1617948014225790e-01 1.1731289928651567e+00
 1.1235778610788483e+00 8.6586187756977895e-01
 5.1505430746701841e-01 1.1737074872550879e+00
 1.1335210279910504e+00 8.6457744695646788e-01
 5.1393097508281715e-01 1.1742850354808749e+00
 1.1434641949032527e+00 8.6329301634315692e-01
 5.1280794983873013e-01 1.1748624257941591e+00
 1.1534073618154548e+00 8.6200858572984584e-01
 5.1168492459464321e-01 1.1754398161074435e+00
 1.1633505287276571e+00 8.6072415511653477e-01
 5.1056189935055618e-01 1.1760172064207277e+00
 1.1732936956398592e+00 8.5943972450322370e-01
 5.0943887410646915e-01 1.1765945967340121e+00
 1.1832368625520615e+00 8.5815529388991274e-01
 5.0831584886238224e-01 1.1771719870472963e+00
 1.1931800294642638e+00 8.5687086327660167e-01
 5.0719282361829521e-01 1.1777493773605805e+00
 1.2031231963764659e+00 8.5558643266329060e-01
 5.0607097771018772e-01 1.1783261613320446e+00
 1.2130663632886682e+00 8.5430200204997953e-01
 5.0495170706013714e-01 1.1789016212646555e+00
 1.2230095302008701e+00 8.5301757143666856e-01
 5.0383243641008657e-01 1.1794770811972664e+00
 1.2329526971130726e+00 8.5173314082335749e-01
 5.0271316576003588e-01 1.1800525411298772e+00
 1.2428958640252747e+00 8.5044871021004642e-01
 5.0159389510998531e-01 1.1813127501497038e+00
 1.2528390309374771e+00 8.4916427959673535e-01
 5.0047462445993474e-01 1.1834337401680040e+00
 1.2627821978496792e+00 8.4813756550728225e-01
 4.9935535380988416e-01 1.1855547301863039e+00
 1.2727253647618813e+00 8.4719219441777216e-01
 4.9823608315983353e-01 1.1876757202046040e+00
 1.2826685316740836e+00 8.4624682332826195e-01
 4.9712058329174869e-01 1.1897895646849501e+00
 1.2926116985862854e+00 8.4530145223875186e-01
 4.9600620191073541e-01 1.1919012896601398e+00
 1.3025548654984878e+00 8.4435608114924177e-01
 4.9489182052972197e-01 1.1940130146353296e+00
 1.3124980324106901e+00 8.4341071005973156e-01
 4.9377743914870864e-01 1.1961247396105192e+00
 1.3224411993228922e+00 8.4246533897022147e-01
 4.9266305776769526e-01 1.1982364645857091e+00
 1.3323843662350945e+00 8.4151996788071137e-01
 4.9154867638668193e-01 1.2003481895608989e+00
 1.3423275331472966e+00 8.4057459679120117e-01
 4.9043429500566854e-01 1.2024599145360888e+00
 1.3522707000594991e+00 8.3962922570169107e-01
 4.8932118638656580e-01 1.2045692276591424e+00
 1.3622138669717010e+00 8.3868385461218098e-01
 4.8821237830179837e-01 1.2066703913766899e+00
 1.3721570338839033e+00 8.3773848352267077e-01
 4.8710357021703088e-01 1.2087715550942375e+00
 1.3821002007961056e+00 8.3679311243316068e-01
 4.8599476213226345e-01 1.2108727188117849e+00
 1.3920433677083077e+00 8.3584774134365059e-01
 4.8488595404749590e-01 1.2129738825293326e+00
 1.4019865346205100e+00 8.3490237025414038e-01
 4.8377714596272847e-01 1.2150750462468802e+00
 1.4119297015327119e+00 8.3395699916463029e-01
 4.8266833787796104e-01 1.2171762099644277e+00
 1.4218728684449145e+00 8.3301162807512008e-01
 4.8155952979319350e-01 1.2192773736819753e+00
 1.4318160353571163e+00 8.3206625698560999e-01
 4.8045494389677451e-01 1.2213705364577112e+00
 1.4417592022693186e+00 8.3112088589609989e-01
 4.7935229509981636e-01 1.2234600284781916e+00
 1.4517023691815210e+00 8.3017551480658969e-01
 4.7824964630285832e-01 1.2255495204986719e+00
 1.4616455360937228e+00 8.2923014371707959e-01
 4.7714699750590017e-01 1.2276390125191525e+00
 1.4715887030059251e+00 8.2828477262756950e-01
 4.7604434870894208e-01 1.2297285045396329e+00
 1.4815318699181272e+00 8.2733940153805940e-01
 4.7494169991198398e-01 1.2318179965601133e+00
 1.4914750368303296e+00 8.2639403044854920e-01
 4.7383905111502583e-01 1.2339074885805938e+00
 1.5014182037425319e+00 8.2544865935903911e-01
 4.7273729745846993e-01 1.2359952843322961e+00
 1.5113613706547340e+00 8.2466478948695709e-01
 4.7164092457953544e-01 1.2380728836443569e+00
 1.5213045375669365e+00 8.2403478226120863e-01
 4.7054455170060094e-01 1.2401504829564176e+00
 1.5312477044791384e+00 8.2340477503546017e-01
 4.6944817882166656e-01 1.2422280822684781e+00
 1.5411908713913407e+00 8.2277476780971170e-01
 4.6835180594273196e-01 1.2443056815805391e+00
 1.5511340383035428e+00 8.2214476058396324e-01
 4.6725543306379752e-01 1.2463832808925996e+00
 1.5610772052157451e+00 8.2151475335821478e-01
 4.6615906018486308e-01 1.2484608802046604e+00
 1.5710203721279470e+00 8.2088474613246643e-01
 4.6506268730592865e-01 1.2505384795167211e+00
 1.5809635390401493e+00 8.2025473890671796e-01
 4.6397006616361980e-01 1.2526089693812734e+00
 1.5909067059523518e+00 8.1962473168096950e-01
 4.6287994865473114e-01 1.2546747149228208e+00
 1.6008498728645537e+00 8.1899472445522103e-01
 4.6178983114584260e-01 1.2567404604643679e+00
 1.6107930397767560e+00 8.1836471722947257e-01
 4.6069971363695394e-01 1.2588062060059153e+00
 1.6207362066889581e+00 8.1773471000372411e-01
 4.5960959612806540e-01 1.2608719515474627e+00
 1.6306793736011604e+00 8.1710470277797564e-01
 4.5851947861917675e-01 1.2629376970890100e+00
 1.6406225405133625e+00 8.1647469555222718e-01
 4.5742936111028820e-01 1.2650034426305572e+00
 1.6505657074255646e+00 8.1584468832647872e-01
 4.5633958825543763e-01 1.2670685350612825e+00
 1.6605088743377669e+00 8.1521468110073025e-01
 4.5525552856455270e-01 1.2691228011885185e+00
 1.6704520412499693e+00 8.1458467387498179e-01
 4.5417146887366772e-01 1.2711770673157545e+00
 1.6803952081621716e+00 8.1395466664923333e-01
 4.5308740918278279e-01 1.2732313334429906e+00
 1.6903383750743737e+00 8.1332465942348486e-01
 4.5200334949189791e-01 1.2752855995702266e+00
 1.7002815419865758e+00 8.1269465219773651e-01
 4.5091928980101292e-01 1.2773398656974626e+00
 1.7102247088987779e+00 8.1206464497198805e-01
 4.4983523011012799e-01 1.2793941318246986e+00
 1.7201678758109800e+00 8.1143463774623958e-01
 4.4875117041924312e-01 1.2814483979519344e+00
 1.7301110427231823e+00 8.1080463052049112e-01
 4.4767004515745040e-01 1.2834971034090914e+00
 1.7400542096353848e+00 8.1017462329474266e-01
 4.4659169418782585e-01 1.2855405516516540e+00
 1.7499973765475871e+00 8.0954461606899419e-01
 4.4551334321820130e-01 1.2875839998942167e+00
 1.7599405434597892e+00 4.5000000000000001e-01
 4.4443499224857674e-01 1.2896274481367793e+00
 1.7698837103719915e+00 4.5000000000000001e-01
 4.4335664127895219e-01 1.2916708963793420e+00
 1.7798268772841936e+00 4.5000000000000001e-01
 4.4227829030932764e-01 4.5000000000000001e-01
 1.7897700441963955e+00 4.5000000000000001e-01
 4.4119993933970314e-01 4.5000000000000001e-01
 1.7997132111085981e+00 4.5000000000000001e-01
 4.4012158837007859e-01 4.5000000000000001e-01
