 0.0000000000000000e+00 0.0000000000000000e+00
 3.6609540879362995e-02 1.6168240527950477e+00
 7.3219081758725990e-02 3.6609540879362995e-02
 1.0982862263808900e-01 4.2774937776582073e-01
 1.4643816351745198e-01 7.3219081758725990e-02
 1.8304770439681495e-01 1.7875296702932600e-01
 2.1965724527617800e-01 1.0982862263808900e-01
 2.5626678615554094e-01 1.6644663020195558e-01
 2.9287632703490396e-01 1.4643816351745198e-01
 3.2948586791426687e-01 1.5056451911803531e-01
 3.6609540879362990e-01 1.8304770439681495e-01
 4.0270494967299292e-01 1.4268208312175293e-01
 4.3931449055235600e-01 2.1965724527617800e-01
 4.7592403143171880e-01 1.4036499212082221e-01
 5.1253357231108188e-01 2.5626678615554094e-01
 5.4914311319044484e-01 1.3005447844933515e-01
 5.8575265406980792e-01 2.9287632703490396e-01
 6.2236219494917089e-01 1.2714928064926587e-01
 6.5897173582853374e-01 3.2948586791426687e-01
 6.9558127670789682e-01 1.2100909740836348e-01
 7.3219081758725979e-01 3.6609540879362990e-01
 7.6880035846662276e-01 1.1217462677657444e-01
 8.0540989934598584e-01 4.0270494967299292e-01
 8.4201944022534880e-01 1.0998320536915769e-01
 8.7862898110471199e-01 4.3931449055235600e-01
 9.1523852198407485e-01 9.9816513942654714e-02
 9.5184806286343759e-01 4.7592403143171880e-01
 9.8845760374280078e-01 9.9524012634224279e-02
 1.0250671446221638e+00 5.1253357231108188e-01
 1.0616766855015267e+00 9.5216721925703490e-02
 1.0982862263808897e+00 5.4914311319044484e-01
 1.1348957672602527e+00 9.2158287447174261e-02
 1.1715053081396158e+00 5.8575265406980792e-01
 1.2081148490189786e+00 9.1396429562894538e-02
 1.2447243898983418e+00 6.2236219494917089e-01
 1.2813339307777045e+00 8.5780297763918045e-02
 1.3179434716570675e+00 6.5897173582853374e-01
 1.3545530125364307e+00 8.4982823905723939e-02
 1.3911625534157936e+00 6.9558127670789682e-01
 1.4277720942951566e+00 8.1991859353715779e-02
 1.4643816351745196e+00 7.3219081758725979e-01
 1.5009911760538828e+00 7.8073602338916984e-02
 1.5376007169332455e+00 7.6880035846662276e-01
 1.5742102578126085e+00 7.8147527120151994e-02
 1.6108197986919717e+00 8.0540989934598584e-01
 1.6474293395713346e+00 7.4081962847872190e-02
 1.6840388804506976e+00 8.4201944022534880e-01
 1.7206484213300608e+00 7.4425692514873590e-02
 1.7572579622094240e+00 8.7862898110471199e-01
 1.7938675030887865e+00 7.4027116029290851e-02
 1.8304770439681497e+00 9.1523852198407485e-01
 1.8670865848475124e+00 7.2883236978770430e-02
 1.9036961257268752e+00 9.5184806286343759e-01
 1.9403056666062384e+00 7.3512623334259952e-02
 1.9769152074856016e+00 9.8845760374280078e-01
 2.0135247483649645e+00 7.2639856982783191e-02
 2.0501342892443275e+00 1.0250671446221638e+00
 2.0867438301236905e+00 7.3603817541530156e-02
 2.1233533710030534e+00 1.0616766855015267e+00
 2.1599629118824164e+00 7.4104782914803352e-02
 2.1965724527617794e+00 1.0982862263808897e+00
 2.2331819936411428e+00 7.6142804433761979e-02
 2.2697915345205053e+00 1.1348957672602527e+00
 2.3064010753998687e+00 7.6453865982378050e-02
 2.3430106162792317e+00 1.1715053081396158e+00
 2.3796201571585947e+00 8.0713444557396541e-02
 2.4162296980379572e+00 1.2081148490189786e+00
 2.4528392389173201e+00 8.2133506169482756e-02
 2.4894487797966836e+00 1.2447243898983418e+00
