   0.0000000000000000e+00   1.6168240527950477e+00
   1.8304770439681495e-01   4.2774937776582073e-01
   3.6609540879362990e-01   1.7875296702932600e-01
   5.4914311319044484e-01   1.6644663020195558e-01
   7.3219081758725979e-01   1.5056451911803531e-01
   9.1523852198407485e-01   1.4268208312175293e-01
   1.0982862263808897e+00   1.4036499212082221e-01
   1.2813339307777045e+00   1.3005447844933515e-01
   1.4643816351745196e+00   1.2714928064926587e-01
   1.6474293395713346e+00   1.2100909740836348e-01
   1.8304770439681497e+00   1.1217462677657444e-01
   2.0135247483649645e+00   1.0998320536915769e-01
   2.1965724527617794e+00   9.9816513942654714e-02
   2.3796201571585947e+00   9.9524012634224279e-02
