   0.0000000000000000e+00   0.0000000000000000e+00
   1.8304770439681495e-01   4.1226348397108314e-02
   3.6609540879362990e-01   3.9865113130520761e-02
   5.4914311319044484e-01   2.7994913212200500e-02
   7.3219081758725979e-01   4.6977492586046089e-02
   9.1523852198407485e-01   4.2854289384683650e-02
   1.0982862263808897e+00   4.5940421820789681e-02
   1.2813339307777045e+00   5.4255215264943292e-02
   1.4643816351745196e+00   5.1617965628983631e-02
   1.6474293395713346e+00   6.1058135826134792e-02
   1.8304770439681497e+00   5.5418365523063111e-02
   2.0135247483649645e+00   5.5960119209307504e-02
   2.1965724527617794e+00   5.3192754646337541e-02
   2.3796201571585947e+00   5.1576318037884455e-02
