   0.0000000000000000e+00  -1.3608997996769356e-01
   1.8304770439681495e-01   2.3281285402717763e-01
   3.6609540879362990e-01   4.0600465122740115e-01
   5.4914311319044484e-01   4.1457215222308735e-01
   7.3219081758725979e-01   4.3255955710327709e-01
   9.1523852198407485e-01   4.3871904869617456e-01
   1.0982862263808897e+00   4.4173142013899452e-01
   1.2813339307777045e+00   4.5441898656427099e-01
   1.4643816351745196e+00   4.5630441652057852e-01
   1.6474293395713346e+00   4.6652264399453847e-01
   1.8304770439681497e+00   4.7316747726628805e-01
   2.0135247483649645e+00   4.7575534744039472e-01
   2.1965724527617794e+00   4.8541540046734510e-01
   2.3796201571585947e+00   4.8492052626500748e-01
