   0.0000000000000000e+00   1.9499995266190364e+00
   1.8304770439681495e-01   7.9356841097845177e-01
   3.6609540879362990e-01   5.0288246571455408e-01
   5.4914311319044484e-01   4.6405885738682673e-01
   7.3219081758725979e-01   4.1955160714169476e-01
   9.1523852198407485e-01   3.9173605580388055e-01
   1.0982862263808897e+00   3.7749047613830428e-01
   1.2813339307777045e+00   3.5464534211756721e-01
   1.4643816351745196e+00   3.4074839408481422e-01
   1.6474293395713346e+00   3.3907895940534571e-01
   1.8304770439681497e+00   3.1015237474188218e-01
   2.0135247483649645e+00   3.0720259907004410e-01
   2.1965724527617794e+00   2.9245679497569460e-01
   2.3796201571585947e+00   2.8481200465298523e-01
