   0.0000000000000000e+00   0.0000000000000000e+00
   1.8304770439681495e-01  -2.4718684647337366e+00
   3.6609540879362990e-01   1.5133848932925770e-01
   5.4914311319044484e-01   1.2466094879762424e-01
   7.3219081758725979e-01   1.8459141225925130e-01
   9.1523852198407485e-01   1.8030342893321957e-01
   1.0982862263808897e+00   1.8482471607584972e-01
   1.2813339307777045e+00   2.2187181137015385e-01
   1.4643816351745196e+00   2.1110083664570781e-01
   1.6474293395713346e+00   2.4393218333601158e-01
   1.8304770439681497e+00   2.3553440251064581e-01
   2.0135247483649645e+00   2.4013311614925048e-01
   2.1965724527617794e+00   2.5320333208688678e-01
   2.3796201571585947e+00   2.4588413800050091e-01
