   0.0000000000000000e+00  -1.8592629506355474e-01
   1.8304770439681495e-01   2.6640492047116493e+00
   3.6609540879362990e-01   2.0584988702870524e-01
   5.4914311319044484e-01   2.2282224566841757e-01
   7.3219081758725979e-01   2.6580453768481621e-01
   9.1523852198407485e-01   2.8367268193891831e-01
   1.0982862263808897e+00   2.9570502838405915e-01
   1.2813339307777045e+00   3.3092860800187224e-01
   1.4643816351745196e+00   3.3712385273813922e-01
   1.6474293395713346e+00   3.5828642945035555e-01
   1.8304770439681497e+00   3.8159829572995441e-01
   2.0135247483649645e+00   3.8822968207396341e-01
   2.1965724527617794e+00   4.1653854988645250e-01
   2.3796201571585947e+00   4.1921472239173585e-01
