 0.0000000000000000e+00 0.0000000000000000e+00
 3.6609540879362995e-02 3.4330733579377259e-01
 7.3219081758725990e-02 3.6609540879362995e-02
 1.0982862263808900e-01 1.6808441826202952e-01
 1.4643816351745198e-01 7.3219081758725990e-02
 1.8304770439681495e-01 8.2360966472378172e-02
 2.1965724527617800e-01 1.0982862263808900e-01
 2.5626678615554094e-01 7.4261734308712427e-02
 2.9287632703490396e-01 1.4643816351745198e-01
 3.2948586791426687e-01 8.6284709107711827e-02
 3.6609540879362990e-01 1.8304770439681495e-01
 4.0270494967299292e-01 8.1937148622972883e-02
 4.3931449055235600e-01 2.1965724527617800e-01
 4.7592403143171880e-01 8.0328231375517742e-02
 5.1253357231108188e-01 2.5626678615554094e-01
 5.4914311319044484e-01 8.1878058418842228e-02
 5.8575265406980792e-01 2.9287632703490396e-01
 6.2236219494917089e-01 7.8006695782803587e-02
 6.5897173582853374e-01 3.2948586791426687e-01
 6.9558127670789682e-01 8.1975785883197566e-02
 7.3219081758725979e-01 3.6609540879362990e-01
 7.6880035846662276e-01 7.5892627289576617e-02
 8.0540989934598584e-01 4.0270494967299292e-01
 8.4201944022534880e-01 7.6549123851422388e-02
 8.7862898110471199e-01 4.3931449055235600e-01
 9.1523852198407485e-01 7.6007192782280089e-02
 9.5184806286343759e-01 4.7592403143171880e-01
 9.8845760374280078e-01 7.3125853066725838e-02
 1.0250671446221638e+00 5.1253357231108188e-01
 1.0616766855015267e+00 7.2133382462509318e-02
 1.0982862263808897e+00 5.4914311319044484e-01
 1.1348957672602527e+00 6.9919479256408720e-02
 1.1715053081396158e+00 5.8575265406980792e-01
 1.2081148490189786e+00 6.9217925864628910e-02
 1.2447243898983418e+00 6.2236219494917089e-01
 1.2813339307777045e+00 6.9773100559552478e-02
 1.3179434716570675e+00 6.5897173582853374e-01
 1.3545530125364307e+00 6.7861682819349053e-02
 1.3911625534157936e+00 6.9558127670789682e-01
 1.4277720942951566e+00 6.8507812712595997e-02
 1.4643816351745196e+00 7.3219081758725979e-01
 1.5009911760538828e+00 6.6549167628468284e-02
 1.5376007169332455e+00 7.6880035846662276e-01
 1.5742102578126085e+00 6.6065854951839476e-02
 1.6108197986919717e+00 8.0540989934598584e-01
 1.6474293395713346e+00 6.6485322866299712e-02
 1.6840388804506976e+00 8.4201944022534880e-01
 1.7206484213300608e+00 6.5515825057672630e-02
 1.7572579622094240e+00 8.7862898110471199e-01
 1.7938675030887865e+00 6.5583307576655175e-02
 1.8304770439681497e+00 9.1523852198407485e-01
 1.8670865848475124e+00 6.5769909544465904e-02
 1.9036961257268752e+00 9.5184806286343759e-01
 1.9403056666062384e+00 6.5253162022431796e-02
 1.9769152074856016e+00 9.8845760374280078e-01
 2.0135247483649645e+00 6.6035887347536182e-02
 2.0501342892443275e+00 1.0250671446221638e+00
 2.0867438301236905e+00 6.5147880207063649e-02
 2.1233533710030534e+00 1.0616766855015267e+00
 2.1599629118824164e+00 6.5297916362383052e-02
 2.1965724527617794e+00 1.0982862263808897e+00
 2.2331819936411428e+00 6.4881416986753274e-02
 2.2697915345205053e+00 1.1348957672602527e+00
 2.3064010753998687e+00 6.4797666235101484e-02
 2.3430106162792317e+00 1.1715053081396158e+00
 2.3796201571585947e+00 6.5281758793747244e-02
 2.4162296980379572e+00 1.2081148490189786e+00
 2.4528392389173201e+00 6.5467494858409372e-02
 2.4894487797966836e+00 1.2447243898983418e+00
