   0.0000000000000000e+00   3.4330733579377259e-01
   1.8304770439681495e-01   1.6808441826202952e-01
   3.6609540879362990e-01   8.2360966472378172e-02
   5.4914311319044484e-01   7.4261734308712427e-02
   7.3219081758725979e-01   8.6284709107711827e-02
   9.1523852198407485e-01   8.1937148622972883e-02
   1.0982862263808897e+00   8.0328231375517742e-02
   1.2813339307777045e+00   8.1878058418842228e-02
   1.4643816351745196e+00   7.8006695782803587e-02
   1.6474293395713346e+00   8.1975785883197566e-02
   1.8304770439681497e+00   7.5892627289576617e-02
   2.0135247483649645e+00   7.6549123851422388e-02
   2.1965724527617794e+00   7.6007192782280089e-02
   2.3796201571585947e+00   7.3125853066725838e-02
