 0.0000000000000000e+00 0.0000000000000000e+00
 1.8304770439681495e-01 7.1010207953248975e-03
 3.6609540879362990e-01 1.8304770439681495e-01
 5.4914311319044484e-01 5.1350965983315434e-02
 7.3219081758725979e-01 3.6609540879362990e-01
 9.1523852198407485e-01 6.8402696271850347e-02
 1.0982862263808897e+00 5.4914311319044484e-01
 1.2813339307777045e+00 7.3183027881665891e-02
 1.4643816351745196e+00 7.3219081758725979e-01
 1.6474293395713346e+00 7.3784019193541675e-02
 1.8304770439681497e+00 9.1523852198407485e-01
 2.0135247483649645e+00 7.5120879408964364e-02
 2.1965724527617794e+00 1.0982862263808897e+00
 2.3796201571585947e+00 7.4818310668748569e-02
