   0.0000000000000000e+00   0.0000000000000000e+00
   1.8304770439681495e-01   1.8870622455766045e-01
   3.6609540879362990e-01   7.1010207953248975e-03
   5.4914311319044484e-01   9.2339175218899248e-03
   7.3219081758725979e-01   3.1512933982881144e-02
   9.1523852198407485e-01   3.2384648569336490e-02
   1.0982862263808897e+00   3.6910929872239519e-02
   1.2813339307777045e+00   5.1350965983315434e-02
   1.4643816351745196e+00   4.8872780611896385e-02
   1.6474293395713346e+00   6.0539279060878318e-02
   1.8304770439681497e+00   5.9263987393090620e-02
   2.0135247483649645e+00   6.1923180922822119e-02
   2.1965724527617794e+00   6.8402696271850347e-02
   2.3796201571585947e+00   6.5792377469779131e-02
