   0.0000000000000000e+00   2.8224493111271493e-01
   1.8304770439681495e-01   5.4548447695823243e-01
   3.6609540879362990e-01   4.8974838076563371e-01
   5.4914311319044484e-01   4.9802380551148312e-01
   7.3219081758725979e-01   4.9070601183497170e-01
   9.1523852198407485e-01   4.9557681168595896e-01
   1.0982862263808897e+00   4.9909872272746425e-01
   1.2813339307777045e+00   5.0500106705729497e-01
   1.4643816351745196e+00   5.0810132222783289e-01
   1.6474293395713346e+00   5.1156426839707836e-01
   1.8304770439681497e+00   5.1879687637226557e-01
   2.0135247483649645e+00   5.2035266513065226e-01
   2.1965724527617794e+00   5.2825985287976174e-01
   2.3796201571585947e+00   5.2991031145691603e-01
