   0.0000000000000000e+00   1.6721391841022995e-01
   1.8304770439681495e-01   8.2423849174490305e-02
   3.6609540879362990e-01   6.6203593007009093e-02
   5.4914311319044484e-01   5.9635450913687708e-02
   7.3219081758725979e-01   6.7349544767056096e-02
   9.1523852198407485e-01   6.3930390801459222e-02
   1.0982862263808897e+00   6.2649984250538582e-02
   1.2813339307777045e+00   6.2728928969389461e-02
   1.4643816351745196e+00   6.0244325642527186e-02
   1.6474293395713346e+00   6.2133435693907682e-02
   1.8304770439681497e+00   5.8025169548902987e-02
   2.0135247483649645e+00   5.8028210722952313e-02
   2.1965724527617794e+00   5.6522230555644593e-02
   2.3796201571585947e+00   5.4963947875699512e-02
