 0.0000000000000000e+00 0.0000000000000000e+00
 3.6609540879362995e-02 1.6721391841022995e-01
 7.3219081758725990e-02 3.6609540879362995e-02
 1.0982862263808900e-01 8.2423849174490305e-02
 1.4643816351745198e-01 7.3219081758725990e-02
 1.8304770439681495e-01 6.6203593007009093e-02
 2.1965724527617800e-01 1.0982862263808900e-01
 2.5626678615554094e-01 5.9635450913687708e-02
 2.9287632703490396e-01 1.4643816351745198e-01
 3.2948586791426687e-01 6.7349544767056096e-02
 3.6609540879362990e-01 1.8304770439681495e-01
 4.0270494967299292e-01 6.3930390801459222e-02
 4.3931449055235600e-01 2.1965724527617800e-01
 4.7592403143171880e-01 6.2649984250538582e-02
 5.1253357231108188e-01 2.5626678615554094e-01
 5.4914311319044484e-01 6.2728928969389461e-02
 5.8575265406980792e-01 2.9287632703490396e-01
 6.2236219494917089e-01 6.0244325642527186e-02
 6.5897173582853374e-01 3.2948586791426687e-01
 6.9558127670789682e-01 6.2133435693907682e-02
 7.3219081758725979e-01 3.6609540879362990e-01
 7.6880035846662276e-01 5.8025169548902987e-02
 8.0540989934598584e-01 4.0270494967299292e-01
 8.4201944022534880e-01 5.8028210722952313e-02
 8.7862898110471199e-01 4.3931449055235600e-01
 9.1523852198407485e-01 5.6522230555644593e-02
 9.5184806286343759e-01 4.7592403143171880e-01
 9.8845760374280078e-01 5.4963947875699512e-02
 1.0250671446221638e+00 5.1253357231108188e-01
 1.0616766855015267e+00 5.3501708950811480e-02
 1.0982862263808897e+00 5.4914311319044484e-01
 1.1348957672602527e+00 5.2238485663141959e-02
 1.1715053081396158e+00 5.8575265406980792e-01
 1.2081148490189786e+00 5.1927474401484590e-02
 1.2447243898983418e+00 6.2236219494917089e-01
 1.2813339307777045e+00 5.2240867843184255e-02
 1.3179434716570675e+00 6.5897173582853374e-01
 1.3545530125364307e+00 5.1142311620352134e-02
 1.3911625534157936e+00 6.9558127670789682e-01
 1.4277720942951566e+00 5.1643059511649721e-02
 1.4643816351745196e+00 7.3219081758725979e-01
 1.5009911760538828e+00 5.0768766292116192e-02
 1.5376007169332455e+00 7.6880035846662276e-01
 1.5742102578126085e+00 5.0441777895093499e-02
 1.6108197986919717e+00 8.0540989934598584e-01
 1.6474293395713346e+00 5.1247216794258317e-02
 1.6840388804506976e+00 8.4201944022534880e-01
 1.7206484213300608e+00 5.0680825806787372e-02
 1.7572579622094240e+00 8.7862898110471199e-01
 1.7938675030887865e+00 5.0993187889069348e-02
 1.8304770439681497e+00 9.1523852198407485e-01
 1.8670865848475124e+00 5.1686418339217749e-02
 1.9036961257268752e+00 9.5184806286343759e-01
 1.9403056666062384e+00 5.1313059299239121e-02
 1.9769152074856016e+00 9.8845760374280078e-01
 2.0135247483649645e+00 5.2766611641464019e-02
 2.0501342892443275e+00 1.0250671446221638e+00
 2.0867438301236905e+00 5.2392109420372757e-02
 2.1233533710030534e+00 1.0616766855015267e+00
 2.1599629118824164e+00 5.2839789239055308e-02
 2.1965724527617794e+00 1.0982862263808897e+00
 2.2331819936411428e+00 5.3959866817032298e-02
 2.2697915345205053e+00 1.1348957672602527e+00
 2.3064010753998687e+00 5.3535266784012582e-02
 2.3430106162792317e+00 1.1715053081396158e+00
 2.3796201571585947e+00 5.5151350461773815e-02
 2.4162296980379572e+00 1.2081148490189786e+00
 2.4528392389173201e+00 5.5278941097018287e-02
 2.4894487797966836e+00 1.2447243898983418e+00
