   0.0000000000000000e+00   0.0000000000000000e+00
   1.8304770439681495e-01   5.7095758064146789e-02
   3.6609540879362990e-01  -3.7880488403582223e-03
   5.4914311319044484e-01  -1.3239069594313195e-03
   7.3219081758725979e-01   1.5974686057543496e-02
   9.1523852198407485e-01   1.6819971450767107e-02
   1.0982862263808897e+00   2.0102115451443695e-02
   1.2813339307777045e+00   3.0371761338444488e-02
   1.4643816351745196e+00   2.8714497067518240e-02
   1.6474293395713346e+00   3.6817451305189715e-02
   1.8304770439681497e+00   3.6199840917181529e-02
   2.0135247483649645e+00   3.7869824569937087e-02
   2.1965724527617794e+00   4.2080964556293857e-02
   2.3796201571585947e+00   4.0459723683604280e-02
