 0.0000000000000000e+00 0.0000000000000000e+00
 1.8304770439681495e-01 -3.7880488403582223e-03
 3.6609540879362990e-01 1.8304770439681495e-01
 5.4914311319044484e-01 3.0371761338444488e-02
 7.3219081758725979e-01 3.6609540879362990e-01
 9.1523852198407485e-01 4.2080964556293857e-02
 1.0982862263808897e+00 5.4914311319044484e-01
 1.2813339307777045e+00 4.5587602311405691e-02
 1.4643816351745196e+00 7.3219081758725979e-01
 1.6474293395713346e+00 4.8416971841443612e-02
 1.8304770439681497e+00 9.1523852198407485e-01
 2.0135247483649645e+00 5.2276458792686165e-02
 2.1965724527617794e+00 1.0982862263808897e+00
 2.3796201571585947e+00 5.6761865484510433e-02
