   0.0000000000000000e+00   4.1192900530015941e-01
   1.8304770439681495e-01   5.0828970450025945e-01
   3.6609540879362990e-01   5.0574514987011610e-01
   5.4914311319044484e-01   5.1237731228386518e-01
   7.3219081758725979e-01   5.0613959667167729e-01
   9.1523852198407485e-01   5.0989920291000024e-01
   1.0982862263808897e+00   5.1211073283787101e-01
   1.2813339307777045e+00   5.1583881547911437e-01
   1.4643816351745196e+00   5.1791702236896997e-01
   1.6474293395713346e+00   5.1992324908391807e-01
   1.8304770439681497e+00   5.2460154819369798e-01
   2.0135247483649645e+00   5.2570014889535721e-01
   2.1965724527617794e+00   5.3088910723535665e-01
   2.3796201571585947e+00   5.3170142681161003e-01
