 0.0000000000000000e+00 7.2519889397114723e-01
 7.3341897930519817e-01 9.6923235334067059e-01
 1.4668379586103963e+00 8.9998965670883424e-01
 2.2002569379155945e+00 8.2426261761259245e-01
 2.9336759172207927e+00 6.6440231204322409e-01
 3.6670948965259909e+00 5.4044578223537776e-01
 4.4005138758311890e+00 4.6607312587409860e-01
 5.1339328551363872e+00 4.1322788987825776e-01
 5.8673518344415854e+00 3.5074368046103399e-01
 6.6007708137467827e+00 3.0080822029396193e-01
 7.3341897930519817e+00 2.5907781555861775e-01
 8.0676087723571790e+00 2.2466354854186293e-01
 8.8010277516623781e+00 1.9388471645365196e-01
 9.5344467309675753e+00 1.6687779873307390e-01
 1.0267865710272774e+01 1.4189692210692856e-01
 1.1001284689577972e+01 1.1995878876051316e-01
 1.1734703668883171e+01 1.0078453360334277e-01
 1.2468122648188368e+01 8.5227367506745366e-02
 1.3201541627493565e+01 7.1693145307165959e-02
 1.3934960606798766e+01 6.1864424607018922e-02
 1.4668379586103963e+01 5.2603941057922383e-02
 1.5401798565409161e+01 4.5490587052550553e-02
 1.6135217544714358e+01 3.9291100336690934e-02
 1.6868636524019557e+01 3.4294149370201706e-02
 1.7602055503324756e+01 3.0280574197610929e-02
 1.8335474482629955e+01 2.6982454389434318e-02
 1.9068893461935151e+01 2.4169094410876526e-02
 1.9802312441240353e+01 2.1958195401317954e-02
