 0.0000000000000000e+00 5.3249463491132565e-01
 3.7793182466140640e-01 4.9837619626051588e-01
 7.5586364932281280e-01 5.2253357694485159e-01
 1.1337954739842193e+00 5.7464962714054790e-01
 1.5117272986456256e+00 6.3479818538543231e-01
 1.8896591233070321e+00 5.4827293052977832e-01
 2.2675909479684386e+00 4.5714910052112190e-01
 2.6455227726298451e+00 3.3236833504407304e-01
 3.0234545972912512e+00 2.3551142236947314e-01
 3.4013864219526573e+00 1.9389473427758588e-01
 3.7793182466140642e+00 1.6975155889166335e-01
 4.1572500712754703e+00 1.4730713093078426e-01
 4.5351818959368773e+00 1.2391169495720802e-01
 4.9131137205982833e+00 1.0978724993688248e-01
 5.2910455452596903e+00 9.1042762628135279e-02
 5.6689773699210955e+00 8.1675509562737961e-02
 6.0469091945825024e+00 6.8747061925144348e-02
 6.4248410192439085e+00 5.9550925043090376e-02
 6.8027728439053146e+00 5.0156943807797769e-02
 7.1807046685667224e+00 4.1014471179767115e-02
 7.5586364932281285e+00 3.5447883592503414e-02
 7.9365683178895345e+00 3.0077509894659939e-02
 8.3145001425509406e+00 2.6523586648489601e-02
 8.6924319672123485e+00 2.3389139993999553e-02
 9.0703637918737545e+00 2.0765161437444377e-02
 9.4482956165351606e+00 1.8651519323092440e-02
 9.8262274411965667e+00 1.6790322703490439e-02
 1.0204159265857975e+01 1.5295465314910927e-02
 1.0582091090519381e+01 1.4119288296422353e-02
 1.0960022915180783e+01 1.2996790744828969e-02
 1.1337954739842191e+01 1.2158541423385644e-02
 1.1715886564503599e+01 1.1470511758818410e-02
 1.2093818389165005e+01 1.1157536897461580e-02
 1.2471750213826413e+01 1.1052844251004378e-02
 1.2849682038487817e+01 1.1455499224769331e-02
 1.3227613863149221e+01 1.2180432439717384e-02
 1.3605545687810629e+01 1.3665019026708553e-02
 1.3983477512472037e+01 1.2915216105105692e-02
 1.4361409337133445e+01 1.5216328469380268e-02
 1.4739341161794849e+01 1.5423271905390945e-02
 1.5117272986456257e+01 1.1476897622467258e-02
 1.5495204811117661e+01 1.0952718103794619e-02
 1.5873136635779069e+01 1.0512406101939676e-02
 1.6251068460440475e+01 1.1731484903604804e-02
 1.6629000285101881e+01 1.5088609096213035e-02
 1.7006932109763287e+01 1.5670495676087345e-02
 1.7384863934424697e+01 1.0205025586710475e-02
 1.7762795759086099e+01 6.3333134658775693e-03
 1.8140727583747509e+01 6.5159118878662346e-03
 1.8518659408408912e+01 8.2906758094519039e-03
 1.8896591233070321e+01 1.1656613540965310e-02
 1.9274523057731727e+01 1.2720249591881365e-02
 1.9652454882393133e+01 1.1861734362967303e-02
