 0.0000000000000000e+00 3.9282901332260300e-01
 2.5847585912918336e-01 3.2665785850626616e-01
 5.1695171825836672e-01 3.8152527371736128e-01
 7.7542757738755019e-01 4.0229264718758051e-01
 1.0339034365167334e+00 4.5976374440056456e-01
 1.2923792956459170e+00 4.1259967165884920e-01
 1.5508551547751004e+00 3.8720603343580157e-01
 1.8093310139042840e+00 3.1506498007206102e-01
 2.0678068730334669e+00 2.0912500332644676e-01
 2.3262827321626505e+00 1.6326758513950063e-01
 2.5847585912918341e+00 1.2817178634183798e-01
 2.8432344504210172e+00 1.0555422909890007e-01
 3.1017103095502008e+00 8.3056064670437038e-02
 3.3601861686793839e+00 7.5240416265972970e-02
 3.6186620278085679e+00 6.2550962993690118e-02
 3.8771378869377506e+00 5.6008623973625195e-02
 4.1356137460669338e+00 4.7575450897310675e-02
 4.3940896051961174e+00 3.7052928000762833e-02
 4.6525654643253009e+00 3.1296949759800713e-02
 4.9110413234544845e+00 2.8294173890113430e-02
 5.1695171825836681e+00 2.4913593191583577e-02
 5.4279930417128508e+00 2.3426128562658528e-02
 5.6864689008420344e+00 2.1671231596526990e-02
 5.9449447599712189e+00 1.8270148358191334e-02
 6.2034206191004015e+00 1.5528448443165999e-02
 6.4618964782295851e+00 1.2864720724381771e-02
 6.7203723373587678e+00 1.1255768811420359e-02
 6.9788481964879523e+00 9.1144977631365965e-03
 7.2373240556171359e+00 8.3375694189630183e-03
 7.4957999147463168e+00 7.4400612939371346e-03
 7.7542757738755013e+00 7.5001191085849557e-03
 8.0127516330046848e+00 8.2552313671884255e-03
 8.2712274921338675e+00 9.8726718409899543e-03
 8.5297033512630520e+00 1.2631437624218296e-02
 8.7881792103922347e+00 1.4254013172692120e-02
 9.0466550695214174e+00 3.0316275114746421e-02
 9.3051309286506019e+00 5.8980135205913706e-02
 9.5636067877797846e+00 9.1758634580798637e-02
 9.8220826469089690e+00 4.0232014816103118e-01
 1.0080558506038152e+01 4.4889163421491057e-01
 1.0339034365167336e+01 4.5967308439634774e-01
 1.0597510224296519e+01 1.4606604809142790e-01
 1.0855986083425702e+01 2.5890069343377292e-01
 1.1114461942554884e+01 3.0477301796587053e-01
 1.1372937801684069e+01 5.9685811746676709e-01
 1.1631413660813253e+01 7.5267255955466772e-01
 1.1889889519942438e+01 7.5298449083329300e-01
 1.2148365379071619e+01 8.0353687923189454e-01
 1.2406841238200803e+01 8.0513285745875407e-01
 1.2665317097329986e+01 1.2170771592071301e+00
 1.2923792956459170e+01 1.1403800067340948e+00
 1.3182268815588353e+01 9.3958299156930736e-01
 1.3440744674717536e+01 5.6589942626069767e-01
 1.3699220533846718e+01 2.5566838228396205e-01
 1.3957696392975905e+01 1.5692086419030402e-01
 1.4216172252105087e+01 1.4471101434683586e-01
 1.4474648111234272e+01 1.0043941263721247e-01
 1.4733123970363453e+01 7.6939178556395649e-02
 1.4991599829492634e+01 1.1461096640573992e-01
 1.5250075688621818e+01 7.5190494257782473e-02
 1.5508551547751003e+01 5.8703965316977441e-02
 1.5767027406880187e+01 3.6260072933274975e-02
 1.6025503266009370e+01 1.4252595493157647e-02
 1.6283979125138554e+01 8.9117421088284379e-03
 1.6542454984267735e+01 1.0475607630270464e-02
 1.6800930843396920e+01 9.1947597783925833e-03
 1.7059406702526104e+01 1.1780918208128465e-02
 1.7317882561655292e+01 1.7753019176712778e-02
 1.7576358420784469e+01 1.9741567368808090e-02
 1.7834834279913657e+01 6.2633716079227311e-02
 1.8093310139042835e+01 7.2642055525902083e-02
 1.8351785998172023e+01 7.9091805994335504e-02
 1.8610261857301204e+01 1.1321760577158428e-01
 1.8868737716430385e+01 1.3193123989948236e-01
 1.9127213575559569e+01 1.7858162262065538e-01
 1.9385689434688754e+01 4.8456148621618611e-01
 1.9644165293817938e+01 7.2229702516007355e-01
 1.9902641152947123e+01 7.9336011985608679e-01
