 0.0000000000000000e+00 2.9070472997826124e-01
 1.9877097502597091e-01 2.2547389100132928e-01
 3.9754195005194182e-01 2.3793401130976566e-01
 5.9631292507791278e-01 2.5137164947029417e-01
 7.9508390010388363e-01 2.7796265780337576e-01
 9.9385487512985449e-01 2.6656449707915375e-01
 1.1926258501558256e+00 2.5468067669041466e-01
 1.3913968251817965e+00 2.6526914796473122e-01
 1.5901678002077673e+00 2.0045617184009396e-01
 1.7889387752337380e+00 1.9506017847811608e-01
 1.9877097502597090e+00 1.5650874225017206e-01
 2.1864807252856799e+00 9.4726065229814596e-02
 2.3852517003116511e+00 8.0631047533947092e-02
 2.5840226753376219e+00 5.3902577276505645e-02
 2.7827936503635931e+00 4.4611651949569356e-02
 2.9815646253895633e+00 4.1451924106801784e-02
 3.1803356004155345e+00 3.3467292147345534e-02
 3.3791065754415053e+00 2.8960645343447937e-02
 3.5778775504674760e+00 2.6818782502671425e-02
 3.7766485254934472e+00 2.1543242080118305e-02
 3.9754195005194179e+00 1.9100663721286340e-02
 4.1741904755453891e+00 1.6671036175432488e-02
 4.3729614505713599e+00 1.3557008414908162e-02
 4.5717324255973315e+00 1.3014494978744960e-02
 4.7705034006233022e+00 1.3267424508551236e-02
 4.9692743756492730e+00 1.1574747583654024e-02
 5.1680453506752437e+00 1.3108457554659158e-02
 5.3668163257012154e+00 1.1799787516203558e-02
 5.5655873007271861e+00 1.0419084180151665e-02
 5.7643582757531551e+00 1.1268713744351108e-02
 5.9631292507791267e+00 2.1993324299609061e-02
 6.1619002258050983e+00 2.9095194728992087e-02
 6.3606712008310691e+00 2.9263530709769441e-02
 6.5594421758570398e+00 4.0112805131816628e-02
 6.7582131508830106e+00 3.3409575224612416e-02
 6.9569841259089804e+00 3.9394443109336319e-02
 7.1557551009349520e+00 4.9821826717013983e-02
 7.3545260759609237e+00 9.4353377519732828e-02
 7.5532970509868944e+00 3.2553516503368718e-01
 7.7520680260128652e+00 4.3962668337872579e-01
 7.9508390010388359e+00 6.5456825866558699e-01
 8.1496099760648057e+00 6.4641408753287732e-01
 8.3483809510907783e+00 4.5561998312096758e-01
 8.5471519261167472e+00 6.1972459109334599e-01
 8.7459229011427198e+00 5.4573296895509571e-01
 8.9446938761686905e+00 5.7919737658887038e-01
 9.1434648511946630e+00 5.1775945889934205e-01
 9.3422358262206320e+00 4.0389680555698637e-01
 9.5410068012466045e+00 3.9734671375763675e-01
 9.7397777762725735e+00 5.2743698508532277e-01
 9.9385487512985460e+00 5.4131016647596319e-01
 1.0137319726324515e+01 5.3401999670971645e-01
 1.0336090701350487e+01 5.6454979227662661e-01
 1.0534861676376456e+01 4.4170506839984519e-01
 1.0733632651402431e+01 4.5762054989837825e-01
 1.0932403626428400e+01 4.7203232657741068e-01
 1.1131174601454372e+01 4.9458381292970049e-01
 1.1329945576480341e+01 4.6350406030274616e-01
 1.1528716551506310e+01 4.7571334832268586e-01
 1.1727487526532281e+01 4.4640235102170567e-01
 1.1926258501558253e+01 4.4278206590730085e-01
 1.2125029476584224e+01 4.4528108485020318e-01
 1.2323800451610197e+01 5.3069322480957326e-01
 1.2522571426636166e+01 5.8254278528681469e-01
 1.2721342401662138e+01 6.2244826896611660e-01
 1.2920113376688109e+01 6.8595810677901314e-01
 1.3118884351714080e+01 6.0470904619078403e-01
 1.3317655326740054e+01 6.0453679884040068e-01
 1.3516426301766021e+01 5.9988826284786778e-01
 1.3715197276791994e+01 6.6749727314091523e-01
 1.3913968251817961e+01 5.9709751708740266e-01
 1.4112739226843937e+01 6.3872304238027322e-01
 1.4311510201869904e+01 6.1086016897091688e-01
 1.4510281176895873e+01 5.4389769267148746e-01
 1.4709052151921847e+01 5.2602918474477478e-01
 1.4907823126947816e+01 5.2682558103655419e-01
 1.5106594101973789e+01 5.0627906269413392e-01
 1.5305365076999760e+01 4.6725725284627018e-01
 1.5504136052025730e+01 5.2475695018593849e-01
 1.5702907027051699e+01 3.8322425389551856e-01
 1.5901678002077672e+01 3.2408157291237960e-01
 1.6100448977103643e+01 3.0931754983737314e-01
 1.6299219952129611e+01 3.5720661985470348e-01
 1.6497990927155584e+01 6.9539471964286637e-01
 1.6696761902181557e+01 7.5099580688966094e-01
 1.6895532877207529e+01 6.4788515370577815e-01
 1.7094303852233494e+01 5.1604492496225873e-01
 1.7293074827259467e+01 2.5804664623658508e-01
 1.7491845802285440e+01 2.0596091334438635e-01
 1.7690616777311408e+01 2.0076393612771978e-01
 1.7889387752337381e+01 3.9290652182602859e-01
 1.8088158727363350e+01 3.4430512823325171e-01
 1.8286929702389326e+01 2.8662211161024154e-01
 1.8485700677415295e+01 3.0022913870035745e-01
 1.8684471652441264e+01 1.0536489575119412e-01
 1.8883242627467236e+01 9.4843202444111818e-02
 1.9082013602493209e+01 8.7989211446765844e-02
 1.9280784577519174e+01 6.9596987254088680e-02
 1.9479555552545147e+01 6.5211018557172540e-02
 1.9678326527571119e+01 6.1682095211667884e-02
 1.9877097502597092e+01 5.7353619033038108e-02
