 0.0000000000000000e+00 6.4107293849908853e-01
 5.3339750778011530e-01 8.4279413876706655e-01
 1.0667950155602306e+00 1.1419450830943980e+00
 1.6001925233403460e+00 1.0477844294718754e+00
 2.1335900311204612e+00 8.7415752411010494e-01
 2.6669875389005768e+00 7.1772655275322128e-01
 3.2003850466806920e+00 3.7743174194074358e-01
 3.7337825544608076e+00 3.3949077869444599e-01
 4.2671800622409224e+00 2.8264766493756405e-01
 4.8005775700210371e+00 2.4900262515787480e-01
 5.3339750778011537e+00 2.1352559771179208e-01
 5.8673725855812684e+00 1.8280717838803262e-01
 6.4007700933613840e+00 1.5727984548297777e-01
 6.9341676011414988e+00 1.3441542675328635e-01
 7.4675651089216153e+00 1.1933419960444719e-01
 8.0009626167017291e+00 1.0122945133835631e-01
 8.5343601244818448e+00 8.5122432954969407e-02
 9.0677576322619604e+00 7.3353276811814930e-02
 9.6011551400420743e+00 6.2019318213459337e-02
 1.0134552647822192e+01 5.3867969526444084e-02
 1.0667950155602307e+01 4.5920934309355385e-02
 1.1201347663382421e+01 3.9397311355615361e-02
 1.1734745171162537e+01 3.4210157444506194e-02
 1.2268142678942654e+01 3.0046382145779940e-02
 1.2801540186722768e+01 2.6686891727815597e-02
 1.3334937694502884e+01 2.3763749528557580e-02
 1.3868335202282998e+01 2.1286394049323035e-02
 1.4401732710063115e+01 1.9343173566848774e-02
 1.4935130217843231e+01 1.7703505127336143e-02
 1.5468527725623341e+01 1.6388632982660460e-02
 1.6001925233403458e+01 1.5407030961414813e-02
 1.6535322741183574e+01 1.4725128941994259e-02
 1.7068720248963690e+01 1.4464327607624592e-02
 1.7602117756743805e+01 1.4840216656873883e-02
 1.8135515264523921e+01 1.5989358387861551e-02
 1.8668912772304033e+01 1.7230063413277919e-02
 1.9202310280084149e+01 1.7010840891151430e-02
 1.9735707787864268e+01 1.7222669782928222e-02
