   0.0000000000000000e+00   9.7327337085552701e-01
   1.0000000000000000e-02   9.7973714442675486e-01
   2.0000000000000000e-02   9.7973714442675486e-01
   2.9999999999999999e-02   9.7327337085552701e-01
   4.0000000000000001e-02   9.6680959728429916e-01
   5.0000000000000003e-02   9.6034582371307131e-01
   5.9999999999999998e-02   9.3972493443266325e-01
   7.0000000000000007e-02   9.1545479963957188e-01
   8.0000000000000002e-02   8.8509429012147434e-01
   8.9999999999999997e-02   8.5360149969562238e-01
   1.0000000000000001e-01   8.2210870926977031e-01
   1.1000000000000000e-01   8.1015590501220336e-01
   1.2000000000000000e-01   8.0039278536309733e-01
   1.3000000000000000e-01   7.9062966571399118e-01
   1.4000000000000001e-01   7.8086654606488515e-01
   1.4999999999999999e-01   7.6810826717323377e-01
   1.6000000000000000e-01   7.4538511914862848e-01
   1.6999999999999998e-01   7.2266197112402353e-01
   1.7999999999999999e-01   6.9993882309941846e-01
   1.9000000000000000e-01   6.7721567507481339e-01
   2.0000000000000001e-01   6.7721567507481339e-01
