   0.0000000000000000e+00   1.3513715518543082e-03
   5.0000000000000003e-02   1.4871231136382593e-03
   1.0000000000000001e-01   1.6534070640800691e-03
   1.4999999999999999e-01   1.8535776449922537e-03
   2.0000000000000001e-01   2.0824412971544161e-03
   2.5000000000000000e-01   2.3321358134312147e-03
   2.9999999999999999e-01   2.5992836795756193e-03
   3.4999999999999998e-01   2.8861395558669066e-03
   4.0000000000000002e-01   3.1913504272772378e-03
   4.5000000000000001e-01   3.5016670550481331e-03
   5.0000000000000000e-01   3.7936417629707863e-03
   5.5000000000000004e-01   4.0409070109620289e-03
   5.9999999999999998e-01   4.2224891334695291e-03
   6.5000000000000002e-01   4.3279095966490370e-03
   6.9999999999999996e-01   4.3568367993515487e-03
   7.5000000000000000e-01   4.3164325439684972e-03
   8.0000000000000004e-01   4.2190326823850080e-03
   8.4999999999999998e-01   4.0787334903263535e-03
   9.0000000000000002e-01   3.9076332004794705e-03
   9.4999999999999996e-01   3.7150533436097984e-03
   1.0000000000000000e+00   3.5099065972112107e-03
   1.0500000000000000e+00   3.3007666144303344e-03
   1.1000000000000001e+00   3.0923775898539880e-03
   1.1499999999999999e+00   2.8916876465074322e-03
   1.2000000000000000e+00   2.7163173119526631e-03
   1.2500000000000000e+00   2.5869200342160926e-03
   1.3000000000000000e+00   2.5115874477158427e-03
   1.3500000000000001e+00   2.4831837609995328e-03
   1.3999999999999999e+00   2.4868042567364849e-03
   1.4500000000000000e+00   2.5060406664937401e-03
   1.5000000000000000e+00   2.5263661708390061e-03
   1.5500000000000000e+00   2.5387251218493600e-03
   1.6000000000000001e+00   2.5432667234574547e-03
   1.6499999999999999e+00   2.5468975263680887e-03
   1.7000000000000000e+00   2.5559355678029532e-03
   1.7500000000000000e+00   2.5720657526423101e-03
   1.8000000000000000e+00   2.5919493187828426e-03
   1.8500000000000001e+00   2.6089481830927504e-03
   1.8999999999999999e+00   2.6164568695134908e-03
   1.9500000000000000e+00   2.6098918519689386e-03
   2.0000000000000000e+00   2.5867822181596862e-03
   2.0499999999999998e+00   2.5465562746179956e-03
   2.1000000000000001e+00   2.4904615727836658e-03
   2.1499999999999999e+00   2.4203490012871262e-03
   2.2000000000000002e+00   2.3375023865240094e-03
   2.2500000000000000e+00   2.2430723271386400e-03
   2.2999999999999998e+00   2.1397000211304663e-03
   2.3500000000000001e+00   2.0318581694465324e-03
   2.3999999999999999e+00   1.9247386492101091e-03
   2.4500000000000002e+00   1.8232365030182141e-03
   2.5000000000000000e+00   1.7314270683686682e-03
   2.5499999999999998e+00   1.6514935456594928e-03
   2.6000000000000001e+00   1.5830052328600118e-03
   2.6499999999999999e+00   1.5238058038893247e-03
   2.7000000000000002e+00   1.4713050783248622e-03
   2.7500000000000000e+00   1.4228949601494849e-03
   2.7999999999999998e+00   1.3767082997780096e-03
   2.8500000000000001e+00   1.3325258689236444e-03
   2.8999999999999999e+00   1.2905753342519687e-03
   2.9500000000000002e+00   1.2493197423540557e-03
   3.0000000000000000e+00   1.2055047348844064e-03
   3.0499999999999998e+00   1.1572932608361842e-03
   3.1000000000000001e+00   1.1067067169339049e-03
   3.1499999999999999e+00   1.0571891505965485e-03
   3.2000000000000002e+00   1.0101183983445374e-03
   3.2500000000000000e+00   9.6485535046693664e-04
   3.2999999999999998e+00   9.2056679564872274e-04
   3.3500000000000001e+00   8.7705216412898787e-04
   3.3999999999999999e+00   8.3459445786000384e-04
   3.4500000000000002e+00   7.9369438154437244e-04
   3.5000000000000000e+00   7.5483958281544986e-04
   3.5499999999999998e+00   7.1827975661361220e-04
   3.6000000000000001e+00   6.8408756022098115e-04
   3.6499999999999999e+00   6.5269773507350547e-04
   3.7000000000000002e+00   6.2514138047233220e-04
   3.7500000000000000e+00   6.0221867742105346e-04
   3.7999999999999998e+00   5.8376788508056397e-04
   3.8500000000000001e+00   5.6910017707420785e-04
   3.8999999999999999e+00   5.5756920610814027e-04
   3.9500000000000002e+00   5.4855013371009765e-04
   4.0000000000000000e+00   5.4137168711486286e-04
   4.0499999999999998e+00   5.3552440454220985e-04
   4.0999999999999996e+00   5.3062377294169462e-04
   4.1500000000000004e+00   5.2622502490400199e-04
   4.2000000000000002e+00   5.2168413583955988e-04
   4.2500000000000000e+00   5.1623089499473415e-04
   4.2999999999999998e+00   5.0955678802356251e-04
   4.3499999999999996e+00   5.0222123463095677e-04
   4.4000000000000004e+00   4.9493147343678272e-04
   4.4500000000000002e+00   4.8764150799918788e-04
   4.5000000000000000e+00   4.7981083758307744e-04
   4.5499999999999998e+00   4.7130430217878869e-04
   4.5999999999999996e+00   4.6249093648757680e-04
   4.6500000000000004e+00   4.5389469335095297e-04
   4.7000000000000002e+00   4.4623475997930594e-04
   4.7500000000000000e+00   4.4025391021674685e-04
   4.7999999999999998e+00   4.3630756812820988e-04
   4.8499999999999996e+00   4.3433792573012686e-04
   4.9000000000000004e+00   4.3420014346340910e-04
   4.9500000000000002e+00   4.3619438974232407e-04
   5.0000000000000000e+00   4.4130738456493442e-04
   5.0499999999999998e+00   4.4982688826875696e-04
   5.0999999999999996e+00   4.6023738015194194e-04
   5.1500000000000004e+00   4.7063059464789124e-04
   5.2000000000000002e+00   4.7986877600677814e-04
   5.2500000000000000e+00   4.8746720720215257e-04
   5.2999999999999998e+00   4.9350344566266178e-04
   5.3499999999999996e+00   4.9862726053301364e-04
   5.4000000000000004e+00   5.0377755931842844e-04
   5.4500000000000002e+00   5.0973152210670534e-04
   5.5000000000000000e+00   5.1685659798554118e-04
   5.5499999999999998e+00   5.2519820831960619e-04
   5.5999999999999996e+00   5.3463622799585972e-04
   5.6500000000000004e+00   5.4486680413745657e-04
   5.7000000000000002e+00   5.5529468067841154e-04
   5.7500000000000000e+00   5.6505013369028290e-04
   5.7999999999999998e+00   5.7321749924893971e-04
   5.8499999999999996e+00   5.7909218078279739e-04
   5.9000000000000004e+00   5.8217219866195228e-04
   5.9500000000000002e+00   5.8188126441224039e-04
   6.0000000000000000e+00   5.7742213635799636e-04
   6.0499999999999998e+00   5.6806123526942679e-04
   6.0999999999999996e+00   5.5354647939779222e-04
   6.1500000000000004e+00   5.3421493735515853e-04
   6.2000000000000002e+00   5.1089253196437672e-04
   6.2500000000000000e+00   4.8481562942178822e-04
   6.2999999999999998e+00   4.5757695248837459e-04
   6.3499999999999996e+00   4.3111507257796321e-04
   6.4000000000000004e+00   4.0765606979324725e-04
   6.4500000000000002e+00   3.8917795783247554e-04
   6.5000000000000000e+00   3.7658235795866882e-04
   6.5499999999999998e+00   3.6970961487058649e-04
   6.5999999999999996e+00   3.6821382370901429e-04
   6.6500000000000004e+00   3.7199446670285009e-04
   6.7000000000000002e+00   3.8090613182380760e-04
   6.7500000000000000e+00   3.9436672629762631e-04
   6.7999999999999998e+00   4.1167202915475264e-04
   6.8499999999999996e+00   4.3258875284918222e-04
   6.9000000000000004e+00   4.5683354088678010e-04
   6.9500000000000002e+00   4.8337310822778800e-04
   7.0000000000000000e+00   5.1075574165271493e-04
   7.0499999999999998e+00   5.3757469635952340e-04
   7.0999999999999996e+00   5.6260807522271773e-04
   7.1500000000000004e+00   5.8483075793128777e-04
   7.2000000000000002e+00   6.0340533076870030e-04
   7.2500000000000000e+00   6.1773753964699857e-04
   7.2999999999999998e+00   6.2748410719148516e-04
   7.3499999999999996e+00   6.3245233886680900e-04
