   0.0000000000000000e+00   1.5025010629556811e-03
   5.0000000000000003e-02   1.6740271111343216e-03
   1.0000000000000001e-01   1.8190551668010593e-03
   1.4999999999999999e-01   1.9562713494475554e-03
   2.0000000000000001e-01   2.1771521893684718e-03
   2.5000000000000000e-01   2.4722924593940437e-03
   2.9999999999999999e-01   2.8131163972800618e-03
   3.4999999999999998e-01   3.1776653962692042e-03
   4.0000000000000002e-01   3.5130996923017489e-03
   4.5000000000000001e-01   3.8137721774938109e-03
   5.0000000000000000e-01   4.0649185606381798e-03
   5.5000000000000004e-01   4.2161753805854850e-03
   5.9999999999999998e-01   4.2388760947888390e-03
   6.5000000000000002e-01   4.1405777119573953e-03
   6.9999999999999996e-01   3.9217583697314070e-03
   7.5000000000000000e-01   3.5906204085061036e-03
   8.0000000000000004e-01   3.1805374462264171e-03
   8.4999999999999998e-01   2.7450520405668077e-03
   9.0000000000000002e-01   2.3177631865515750e-03
   9.4999999999999996e-01   1.9408882217513428e-03
   1.0000000000000000e+00   1.7226240311836365e-03
   1.0500000000000000e+00   1.7838028643850023e-03
   1.1000000000000001e+00   2.0997648580914981e-03
   1.1499999999999999e+00   2.4777537914829834e-03
   1.2000000000000000e+00   2.8075717636587140e-03
   1.2500000000000000e+00   3.0736079280783870e-03
   1.3000000000000000e+00   3.2138198140458621e-03
   1.3500000000000001e+00   3.1837168585490848e-03
   1.3999999999999999e+00   3.0743239538918274e-03
   1.4500000000000000e+00   2.9933127433592627e-03
   1.5000000000000000e+00   2.9606155582863657e-03
   1.5500000000000000e+00   3.0018146085889429e-03
   1.6000000000000001e+00   3.1780330326155568e-03
   1.6499999999999999e+00   3.4558852108179366e-03
   1.7000000000000000e+00   3.7236685924248105e-03
   1.7500000000000000e+00   3.9375392428158146e-03
   1.8000000000000000e+00   4.2212104932411957e-03
   1.8500000000000001e+00   4.7006034458283823e-03
   1.8999999999999999e+00   5.3089216939135649e-03
   1.9500000000000000e+00   5.9673359491904682e-03
   2.0000000000000000e+00   6.6129973304865034e-03
   2.0499999999999998e+00   7.1972291465103354e-03
   2.1000000000000001e+00   7.6851385719130822e-03
   2.1499999999999999e+00   8.1046339000356519e-03
   2.2000000000000002e+00   8.5271732540775982e-03
   2.2500000000000000e+00   8.9608634133756509e-03
   2.2999999999999998e+00   9.3830613987390347e-03
   2.3500000000000001e+00   9.7986979468396660e-03
   2.3999999999999999e+00   1.0176314581377216e-02
   2.4500000000000002e+00   1.0469679032848036e-02
   2.5000000000000000e+00   1.0613110210215184e-02
   2.5499999999999998e+00   1.0547000607893290e-02
   2.6000000000000001e+00   1.0272826025426299e-02
   2.6499999999999999e+00   9.8703904105329962e-03
   2.7000000000000002e+00   9.4541453569800555e-03
   2.7500000000000000e+00   9.0661159749006546e-03
   2.7999999999999998e+00   8.6153433939352275e-03
   2.8500000000000001e+00   8.0163139445746674e-03
   2.8999999999999999e+00   7.4056776285819576e-03
   2.9500000000000002e+00   6.9651588223289106e-03
   3.0000000000000000e+00   6.7033976107319631e-03
